# unix_time, cycles_done, cur_path, paths_total, pending_total, pending_favs, map_size, unique_crashes, unique_hangs, max_depth, execs_per_sec
1587600832, 0, 0, 3, 3, 0, 0.00%, 0, 0, 1, 226.42
1587600837, 0, 1, 3, 2, 0, 0.00%, 0, 3, 1, 1191.96
1587600842, 1, 0, 3, 0, 0, 0.00%, 0, 5, 1, 1335.85
1587600847, 3, 0, 3, 0, 0, 0.00%, 0, 13, 1, 1992.38
1587600853, 5, 2, 3, 0, 0, 0.00%, 0, 21, 1, 1472.39
1587600858, 7, 1, 3, 0, 0, 0.00%, 0, 29, 1, 1079.58
1587600863, 9, 2, 3, 0, 0, 0.00%, 0, 36, 1, 1239.93
1587600868, 12, 0, 3, 0, 0, 0.00%, 0, 46, 1, 1429.55
1587600874, 14, 0, 3, 0, 0, 0.00%, 0, 56, 1, 223.20
1587600879, 16, 1, 3, 0, 0, 0.00%, 0, 63, 1, 952.18
1587600884, 18, 1, 3, 0, 0, 0.00%, 0, 73, 1, 971.41
1587600889, 20, 0, 3, 0, 0, 0.00%, 0, 82, 1, 973.15
1587600894, 22, 2, 3, 0, 0, 0.00%, 0, 90, 1, 1608.99
1587600899, 24, 0, 3, 0, 0, 0.00%, 0, 100, 1, 1406.75
1587600904, 26, 0, 3, 0, 0, 0.00%, 0, 110, 1, 707.44
1587600910, 28, 0, 3, 0, 0, 0.00%, 0, 119, 1, 1386.33
1587600915, 30, 1, 3, 0, 0, 0.00%, 0, 127, 1, 1241.79
1587600920, 32, 1, 3, 0, 0, 0.00%, 0, 135, 1, 1644.18
1587600925, 34, 2, 3, 0, 0, 0.00%, 0, 143, 1, 1707.02
1587600930, 37, 0, 3, 0, 0, 0.00%, 0, 150, 1, 1470.41
1587600935, 39, 0, 3, 0, 0, 0.00%, 0, 159, 1, 443.45
1587600940, 41, 2, 3, 0, 0, 0.00%, 0, 166, 1, 1117.36
1587600945, 44, 0, 3, 0, 0, 0.00%, 0, 176, 1, 1074.10
1587600951, 46, 0, 3, 0, 0, 0.00%, 0, 186, 1, 1640.99
1587600956, 48, 0, 3, 0, 0, 0.00%, 0, 195, 1, 1709.09
1587600961, 50, 0, 3, 0, 0, 0.00%, 0, 205, 1, 637.59
1587600966, 52, 2, 3, 0, 0, 0.00%, 0, 212, 1, 1134.63
1587600971, 55, 0, 3, 0, 0, 0.00%, 0, 220, 1, 194.03
1587600976, 57, 0, 3, 0, 0, 0.00%, 0, 229, 1, 1606.39
1587600982, 59, 1, 3, 0, 0, 0.00%, 0, 236, 1, 1606.65
1587600987, 61, 1, 3, 0, 0, 0.00%, 0, 245, 1, 231.88
1587600992, 63, 2, 3, 0, 0, 0.00%, 0, 253, 1, 1454.63
1587600997, 66, 0, 3, 0, 0, 0.00%, 0, 261, 1, 1299.67
1587601002, 68, 0, 3, 0, 0, 0.00%, 0, 271, 1, 103.45
1587601007, 70, 0, 3, 0, 0, 0.00%, 0, 279, 1, 1464.13
1587601012, 71, 2, 3, 0, 0, 0.00%, 0, 290, 1, 253.72
1587601017, 73, 2, 3, 0, 0, 0.00%, 0, 300, 1, 1291.24
1587601022, 75, 1, 3, 0, 0, 0.00%, 0, 310, 1, 1167.08
1587601028, 78, 0, 3, 0, 0, 0.00%, 0, 317, 1, 1214.26
1587601033, 79, 2, 3, 0, 0, 0.00%, 0, 328, 1, 739.20
1587601038, 81, 1, 3, 0, 0, 0.00%, 0, 339, 1, 1920.00
1587601043, 83, 2, 3, 0, 0, 0.00%, 0, 348, 1, 1447.45
1587601048, 85, 1, 3, 0, 0, 0.00%, 0, 359, 1, 610.43
1587601054, 88, 0, 3, 0, 0, 0.00%, 0, 367, 1, 1684.61
1587601059, 90, 0, 3, 0, 0, 0.00%, 0, 378, 1, 331.95
1587601064, 91, 2, 3, 0, 0, 0.00%, 0, 388, 1, 782.01
1587601069, 94, 0, 3, 0, 0, 0.00%, 0, 396, 1, 1456.06
1587601074, 95, 2, 3, 0, 0, 0.00%, 0, 408, 1, 1021.62
1587601079, 98, 0, 3, 0, 0, 0.00%, 0, 416, 1, 106.56
1587601084, 100, 0, 3, 0, 0, 0.00%, 0, 426, 1, 1876.38
1587601089, 102, 1, 3, 0, 0, 0.00%, 0, 434, 1, 1470.30
1587601095, 104, 1, 3, 0, 0, 0.00%, 0, 443, 1, 1122.75
1587601100, 107, 1, 3, 0, 0, 0.00%, 0, 449, 1, 257.46
1587601105, 109, 2, 3, 0, 0, 0.00%, 0, 457, 1, 1639.03
1587601110, 111, 2, 3, 0, 0, 0.00%, 0, 467, 1, 180.12
1587601115, 114, 0, 3, 0, 0, 0.00%, 0, 476, 1, 1180.56
1587601120, 116, 0, 3, 0, 0, 0.00%, 0, 485, 1, 215.10
1587601125, 118, 0, 3, 0, 0, 0.00%, 0, 495, 1, 1327.06
1587601130, 120, 2, 3, 0, 0, 0.00%, 0, 500, 1, 1653.66
1587601136, 123, 2, 3, 0, 0, 0.00%, 0, 500, 1, 1549.56
1587601141, 127, 0, 3, 0, 0, 0.00%, 0, 500, 1, 1564.10
1587601146, 130, 0, 3, 0, 0, 0.00%, 0, 500, 1, 1550.45
1587601151, 133, 1, 3, 0, 0, 0.00%, 0, 500, 1, 1540.25
1587601156, 137, 0, 3, 0, 0, 0.00%, 0, 500, 1, 1560.37
1587601161, 139, 2, 3, 0, 0, 0.00%, 0, 500, 1, 1478.64
1587601166, 141, 0, 3, 0, 0, 0.00%, 0, 500, 1, 624.37
1587601171, 144, 1, 3, 0, 0, 0.00%, 0, 500, 1, 1420.52
1587601176, 148, 0, 3, 0, 0, 0.00%, 0, 500, 1, 1540.28
1587601182, 151, 1, 3, 0, 0, 0.00%, 0, 500, 1, 1635.12
1587601187, 154, 0, 3, 0, 0, 0.00%, 0, 500, 1, 1253.87
1587601192, 157, 1, 3, 0, 0, 0.00%, 0, 500, 1, 1581.15
1587601197, 160, 1, 3, 0, 0, 0.00%, 0, 500, 1, 1486.58
1587601202, 163, 2, 3, 0, 0, 0.00%, 0, 500, 1, 1505.09
1587601207, 167, 0, 3, 0, 0, 0.00%, 0, 500, 1, 1597.49
1587601212, 170, 1, 3, 0, 0, 0.00%, 0, 500, 1, 1861.63
1587601217, 173, 2, 3, 0, 0, 0.00%, 0, 500, 1, 1678.52
1587601222, 176, 2, 3, 0, 0, 0.00%, 0, 500, 1, 1716.06
1587601227, 179, 2, 3, 0, 0, 0.00%, 0, 500, 1, 1221.43
1587601232, 183, 0, 3, 0, 0, 0.00%, 0, 500, 1, 1540.60
1587601237, 186, 0, 3, 0, 0, 0.00%, 0, 500, 1, 1476.03
1587601243, 189, 1, 3, 0, 0, 0.00%, 0, 500, 1, 1572.51
1587601248, 192, 2, 3, 0, 0, 0.00%, 0, 500, 1, 1477.99
1587601253, 196, 0, 3, 0, 0, 0.00%, 0, 500, 1, 1567.93
1587601258, 199, 1, 3, 0, 0, 0.00%, 0, 500, 1, 1591.22
1587601263, 202, 2, 3, 0, 0, 0.00%, 0, 500, 1, 1487.04
1587601268, 206, 0, 3, 0, 0, 0.00%, 0, 500, 1, 1527.67
1587601273, 209, 0, 3, 0, 0, 0.00%, 0, 500, 1, 1553.01
1587601278, 212, 2, 3, 0, 0, 0.00%, 0, 500, 1, 1588.15
1587601283, 216, 1, 3, 0, 0, 0.00%, 0, 500, 1, 1674.69
1587601288, 219, 2, 3, 0, 0, 0.00%, 0, 500, 1, 1584.24
1587601294, 223, 0, 3, 0, 0, 0.00%, 0, 500, 1, 1620.58
1587601299, 226, 1, 3, 0, 0, 0.00%, 0, 500, 1, 1532.42
1587601304, 229, 2, 3, 0, 0, 0.00%, 0, 500, 1, 1576.16
1587601309, 233, 0, 3, 0, 0, 0.00%, 0, 500, 1, 1575.03
1587601314, 236, 1, 3, 0, 0, 0.00%, 0, 500, 1, 1581.79
1587601319, 239, 2, 3, 0, 0, 0.00%, 0, 500, 1, 1569.16
1587601324, 243, 1, 3, 0, 0, 0.00%, 0, 500, 1, 1692.59
1587601329, 246, 2, 3, 0, 0, 0.00%, 0, 500, 1, 1636.39
1587601334, 250, 0, 3, 0, 0, 0.00%, 0, 500, 1, 1673.20
1587601339, 253, 1, 3, 0, 0, 0.00%, 0, 500, 1, 1605.99
1587601344, 256, 2, 3, 0, 0, 0.00%, 0, 500, 1, 1499.46
1587601349, 260, 0, 3, 0, 0, 0.00%, 0, 500, 1, 1613.39
1587601354, 263, 0, 3, 0, 0, 0.00%, 0, 500, 1, 1472.03
1587601359, 266, 1, 3, 0, 0, 0.00%, 0, 500, 1, 1486.20
1587601364, 269, 0, 3, 0, 0, 0.00%, 0, 500, 1, 1236.49
1587601370, 272, 1, 3, 0, 0, 0.00%, 0, 500, 1, 1545.70
1587601375, 275, 1, 3, 0, 0, 0.00%, 0, 500, 1, 1513.58
1587601380, 279, 0, 3, 0, 0, 0.00%, 0, 500, 1, 1535.05
1587601385, 282, 0, 3, 0, 0, 0.00%, 0, 500, 1, 1488.95
1587601390, 285, 1, 3, 0, 0, 0.00%, 0, 500, 1, 1587.01
1587601395, 288, 2, 3, 0, 0, 0.00%, 0, 500, 1, 1525.51
1587601400, 292, 1, 3, 0, 0, 0.00%, 0, 500, 1, 1718.26
1587601405, 296, 0, 3, 0, 0, 0.00%, 0, 500, 1, 1576.81
1587601410, 299, 0, 3, 0, 0, 0.00%, 0, 500, 1, 1508.91
1587601416, 302, 0, 3, 0, 0, 0.00%, 0, 500, 1, 1558.32
1587601421, 305, 0, 3, 0, 0, 0.00%, 0, 500, 1, 1392.60
1587601426, 308, 0, 3, 0, 0, 0.00%, 0, 500, 1, 1465.30
1587601431, 311, 1, 3, 0, 0, 0.00%, 0, 500, 1, 1532.62
1587601436, 314, 1, 3, 0, 0, 0.00%, 0, 500, 1, 1481.11
1587601441, 317, 2, 3, 0, 0, 0.00%, 0, 500, 1, 1491.01
1587601446, 321, 0, 3, 0, 0, 0.00%, 0, 500, 1, 1581.47
1587601451, 324, 1, 3, 0, 0, 0.00%, 0, 500, 1, 1600.15
1587601456, 327, 1, 3, 0, 0, 0.00%, 0, 500, 1, 1537.18
1587601461, 331, 0, 3, 0, 0, 0.00%, 0, 500, 1, 1542.81
1587601466, 333, 2, 3, 0, 0, 0.00%, 0, 500, 1, 1449.84
1587601471, 337, 0, 3, 0, 0, 0.00%, 0, 500, 1, 1576.60
1587601476, 340, 1, 3, 0, 0, 0.00%, 0, 500, 1, 1536.98
1587601482, 343, 1, 3, 0, 0, 0.00%, 0, 500, 1, 1478.56
1587601487, 346, 0, 3, 0, 0, 0.00%, 0, 500, 1, 1416.00
1587601492, 349, 1, 3, 0, 0, 0.00%, 0, 500, 1, 1461.34
1587601497, 352, 1, 3, 0, 0, 0.00%, 0, 500, 1, 1501.29
1587601502, 355, 2, 3, 0, 0, 0.00%, 0, 500, 1, 1530.37
1587601507, 358, 2, 3, 0, 0, 0.00%, 0, 500, 1, 1435.02
1587601512, 361, 2, 3, 0, 0, 0.00%, 0, 500, 1, 1452.52
1587601517, 365, 0, 3, 0, 0, 0.00%, 0, 500, 1, 1528.68
1587601522, 368, 0, 3, 0, 0, 0.00%, 0, 500, 1, 1615.24
1587601527, 371, 1, 3, 0, 0, 0.00%, 0, 500, 1, 1490.13
1587601532, 374, 2, 3, 0, 0, 0.00%, 0, 500, 1, 1544.29
1587601538, 378, 0, 3, 0, 0, 0.00%, 0, 500, 1, 1518.49
1587601543, 381, 0, 3, 0, 0, 0.00%, 0, 500, 1, 1524.87
1587601548, 384, 1, 3, 0, 0, 0.00%, 0, 500, 1, 1539.62
1587601553, 388, 0, 3, 0, 0, 0.00%, 0, 500, 1, 1654.74
1587601558, 391, 1, 3, 0, 0, 0.00%, 0, 500, 1, 1628.90
1587601563, 395, 0, 3, 0, 0, 0.00%, 0, 500, 1, 1608.37
1587601568, 398, 1, 3, 0, 0, 0.00%, 0, 500, 1, 1660.50
1587601573, 401, 2, 3, 0, 0, 0.00%, 0, 500, 1, 1589.24
1587601578, 404, 2, 3, 0, 0, 0.00%, 0, 500, 1, 1478.22
1587601583, 408, 0, 3, 0, 0, 0.00%, 0, 500, 1, 1601.86
1587601588, 411, 1, 3, 0, 0, 0.00%, 0, 500, 1, 1583.44
1587601593, 414, 2, 3, 0, 0, 0.00%, 0, 500, 1, 1501.08
1587601598, 418, 0, 3, 0, 0, 0.00%, 0, 500, 1, 1539.11
1587601604, 421, 1, 3, 0, 0, 0.00%, 0, 500, 1, 1543.37
1587601609, 424, 2, 3, 0, 0, 0.00%, 0, 500, 1, 1601.86
1587601614, 428, 0, 3, 0, 0, 0.00%, 0, 500, 1, 1532.60
1587601619, 431, 0, 3, 0, 0, 0.00%, 0, 500, 1, 1572.52
1587601624, 434, 2, 3, 0, 0, 0.00%, 0, 500, 1, 1624.61
1587601629, 438, 0, 3, 0, 0, 0.00%, 0, 500, 1, 1497.20
1587601634, 441, 1, 3, 0, 0, 0.00%, 0, 500, 1, 1620.65
1587601639, 444, 2, 3, 0, 0, 0.00%, 0, 500, 1, 1642.62
1587601644, 448, 0, 3, 0, 0, 0.00%, 0, 500, 1, 1607.26
1587601649, 451, 1, 3, 0, 0, 0.00%, 0, 500, 1, 1610.11
1587601654, 454, 2, 3, 0, 0, 0.00%, 0, 500, 1, 1575.80
1587601659, 458, 0, 3, 0, 0, 0.00%, 0, 500, 1, 1610.23
1587601664, 461, 1, 3, 0, 0, 0.00%, 0, 500, 1, 1534.91
1587601669, 465, 0, 3, 0, 0, 0.00%, 0, 500, 1, 1574.77
1587601675, 468, 0, 3, 0, 0, 0.00%, 0, 500, 1, 1549.39
1587601680, 471, 1, 3, 0, 0, 0.00%, 0, 500, 1, 1593.70
1587601685, 475, 0, 3, 0, 0, 0.00%, 0, 500, 1, 1650.99
1587601690, 478, 1, 3, 0, 0, 0.00%, 0, 500, 1, 1612.96
1587601695, 481, 2, 3, 0, 0, 0.00%, 0, 500, 1, 1613.80
1587601700, 485, 0, 3, 0, 0, 0.00%, 0, 500, 1, 1587.67
1587601705, 488, 2, 3, 0, 0, 0.00%, 0, 500, 1, 1625.75
1587601710, 492, 0, 3, 0, 0, 0.00%, 0, 500, 1, 1640.35
1587601715, 495, 1, 3, 0, 0, 0.00%, 0, 500, 1, 1631.69
1587601720, 499, 0, 3, 0, 0, 0.00%, 0, 500, 1, 1615.09
1587601725, 502, 0, 3, 0, 0, 0.00%, 0, 500, 1, 1565.73
1587601730, 506, 0, 3, 0, 0, 0.00%, 0, 500, 1, 1628.49
1587601736, 509, 0, 3, 0, 0, 0.00%, 0, 500, 1, 1523.32
1587601741, 512, 1, 3, 0, 0, 0.00%, 0, 500, 1, 1642.66
1587601746, 516, 0, 3, 0, 0, 0.00%, 0, 500, 1, 1623.75
1587601751, 519, 1, 3, 0, 0, 0.00%, 0, 500, 1, 1607.43
1587601756, 522, 2, 3, 0, 0, 0.00%, 0, 500, 1, 1533.83
1587601761, 526, 0, 3, 0, 0, 0.00%, 0, 500, 1, 1519.64
1587601766, 529, 1, 3, 0, 0, 0.00%, 0, 500, 1, 1598.87
1587601771, 532, 1, 3, 0, 0, 0.00%, 0, 500, 1, 1518.58
1587601776, 536, 0, 3, 0, 0, 0.00%, 0, 500, 1, 1546.83
1587601782, 539, 1, 3, 0, 0, 0.00%, 0, 500, 1, 1621.64
1587601787, 542, 1, 3, 0, 0, 0.00%, 0, 500, 1, 1449.50
1587601792, 545, 2, 3, 0, 0, 0.00%, 0, 500, 1, 1546.77
1587601797, 549, 0, 3, 0, 0, 0.00%, 0, 500, 1, 1597.86
1587601802, 552, 1, 3, 0, 0, 0.00%, 0, 500, 1, 1673.28
1587601807, 556, 0, 3, 0, 0, 0.00%, 0, 500, 1, 1643.39
1587601812, 559, 1, 3, 0, 0, 0.00%, 0, 500, 1, 1647.50
1587601817, 563, 0, 3, 0, 0, 0.00%, 0, 500, 1, 1634.14
1587601822, 566, 1, 3, 0, 0, 0.00%, 0, 500, 1, 1652.69
1587601827, 570, 0, 3, 0, 0, 0.00%, 0, 500, 1, 1618.34
1587601832, 570, 1, 3, 0, 0, 0.00%, 0, 500, 1, 317.61
1587601837, 573, 1, 3, 0, 0, 0.00%, 0, 500, 1, 1212.58
1587601843, 577, 0, 3, 0, 0, 0.00%, 0, 500, 1, 1464.97
1587601848, 580, 0, 3, 0, 0, 0.00%, 0, 500, 1, 1580.51
1587601853, 583, 1, 3, 0, 0, 0.00%, 0, 500, 1, 1527.60
1587601858, 587, 0, 3, 0, 0, 0.00%, 0, 500, 1, 1528.03
1587601863, 590, 1, 3, 0, 0, 0.00%, 0, 500, 1, 1613.03
1587601868, 593, 2, 3, 0, 0, 0.00%, 0, 500, 1, 1636.50
1587601873, 597, 0, 3, 0, 0, 0.00%, 0, 500, 1, 1588.36
1587601878, 600, 1, 3, 0, 0, 0.00%, 0, 500, 1, 1605.06
1587601883, 604, 0, 3, 0, 0, 0.00%, 0, 500, 1, 1567.14
1587601889, 607, 1, 3, 0, 0, 0.00%, 0, 500, 1, 1642.40
1587601894, 610, 2, 3, 0, 0, 0.00%, 0, 500, 1, 1589.94
1587601899, 614, 0, 3, 0, 0, 0.00%, 0, 500, 1, 1643.11
1587601904, 617, 1, 3, 0, 0, 0.00%, 0, 500, 1, 1514.85
1587601909, 620, 2, 3, 0, 0, 0.00%, 0, 500, 1, 1522.80
1587601914, 624, 0, 3, 0, 0, 0.00%, 0, 500, 1, 1548.88
1587601919, 627, 1, 3, 0, 0, 0.00%, 0, 500, 1, 1571.20
1587601924, 630, 2, 3, 0, 0, 0.00%, 0, 500, 1, 1602.81
1587601929, 634, 1, 3, 0, 0, 0.00%, 0, 500, 1, 1664.31
1587601935, 637, 2, 3, 0, 0, 0.00%, 0, 500, 1, 1663.37
1587601940, 641, 0, 3, 0, 0, 0.00%, 0, 500, 1, 1543.37
1587601945, 644, 1, 3, 0, 0, 0.00%, 0, 500, 1, 1644.77
1587601950, 648, 0, 3, 0, 0, 0.00%, 0, 500, 1, 1618.09
1587601955, 651, 1, 3, 0, 0, 0.00%, 0, 500, 1, 1669.28
1587601960, 655, 0, 3, 0, 0, 0.00%, 0, 500, 1, 1599.82
1587601965, 658, 0, 3, 0, 0, 0.00%, 0, 500, 1, 1549.75
1587601970, 661, 2, 3, 0, 0, 0.00%, 0, 500, 1, 1665.20
1587601975, 664, 2, 3, 0, 0, 0.00%, 0, 500, 1, 1461.04
1587601980, 668, 0, 3, 0, 0, 0.00%, 0, 500, 1, 1554.70
1587601985, 671, 1, 3, 0, 0, 0.00%, 0, 500, 1, 1538.26
1587601990, 674, 1, 3, 0, 0, 0.00%, 0, 500, 1, 1560.43
1587601995, 678, 0, 3, 0, 0, 0.00%, 0, 500, 1, 1619.12
1587602000, 681, 1, 3, 0, 0, 0.00%, 0, 500, 1, 1587.19
1587602005, 684, 2, 3, 0, 0, 0.00%, 0, 500, 1, 1618.26
1587602011, 688, 1, 3, 0, 0, 0.00%, 0, 500, 1, 1653.02
1587602016, 691, 2, 3, 0, 0, 0.00%, 0, 500, 1, 1584.47
1587602021, 695, 0, 3, 0, 0, 0.00%, 0, 500, 1, 1632.73
1587602026, 698, 1, 3, 0, 0, 0.00%, 0, 500, 1, 1622.94
1587602031, 702, 0, 3, 0, 0, 0.00%, 0, 500, 1, 1620.22
1587602036, 705, 1, 3, 0, 0, 0.00%, 0, 500, 1, 1592.49
1587602041, 708, 1, 3, 0, 0, 0.00%, 0, 500, 1, 1531.50
1587602046, 712, 0, 3, 0, 0, 0.00%, 0, 500, 1, 1577.65
1587602051, 715, 0, 3, 0, 0, 0.00%, 0, 500, 1, 1573.89
1587602057, 718, 1, 3, 0, 0, 0.00%, 0, 500, 1, 1520.80
1587602062, 721, 2, 3, 0, 0, 0.00%, 0, 500, 1, 1581.56
1587602067, 725, 0, 3, 0, 0, 0.00%, 0, 500, 1, 1626.22
1587602072, 728, 1, 3, 0, 0, 0.00%, 0, 500, 1, 1562.34
1587602077, 731, 1, 3, 0, 0, 0.00%, 0, 500, 1, 1449.20
1587602082, 734, 2, 3, 0, 0, 0.00%, 0, 500, 1, 1503.15
1587602087, 738, 0, 3, 0, 0, 0.00%, 0, 500, 1, 1513.96
1587602092, 741, 0, 3, 0, 0, 0.00%, 0, 500, 1, 1513.30
1587602097, 744, 1, 3, 0, 0, 0.00%, 0, 500, 1, 1525.59
1587602102, 747, 2, 3, 0, 0, 0.00%, 0, 500, 1, 1516.82
1587602107, 751, 0, 3, 0, 0, 0.00%, 0, 500, 1, 1553.43
1587602112, 754, 1, 3, 0, 0, 0.00%, 0, 500, 1, 1611.35
1587602118, 758, 0, 3, 0, 0, 0.00%, 0, 500, 1, 1658.35
1587602123, 761, 1, 3, 0, 0, 0.00%, 0, 500, 1, 1629.37
1587602128, 765, 0, 3, 0, 0, 0.00%, 0, 500, 1, 1619.05
1587602133, 768, 0, 3, 0, 0, 0.00%, 0, 500, 1, 1564.22
1587602138, 769, 0, 3, 0, 0, 0.00%, 0, 500, 1, 290.92
1587602143, 771, 0, 3, 0, 0, 0.00%, 0, 500, 1, 927.07
1587602148, 774, 0, 3, 0, 0, 0.00%, 0, 500, 1, 1344.69
1587602153, 777, 1, 3, 0, 0, 0.00%, 0, 500, 1, 1500.71
1587602159, 780, 2, 3, 0, 0, 0.00%, 0, 500, 1, 1531.35
1587602164, 784, 0, 3, 0, 0, 0.00%, 0, 500, 1, 1529.64
1587602169, 787, 0, 3, 0, 0, 0.00%, 0, 500, 1, 1567.44
1587602174, 790, 1, 3, 0, 0, 0.00%, 0, 500, 1, 1599.42
1587602179, 793, 2, 3, 0, 0, 0.00%, 0, 500, 1, 1573.30
1587602184, 797, 0, 3, 0, 0, 0.00%, 0, 500, 1, 1596.27
1587602189, 800, 0, 3, 0, 0, 0.00%, 0, 500, 1, 1522.81
1587602194, 803, 2, 3, 0, 0, 0.00%, 0, 500, 1, 1595.81
1587602199, 807, 0, 3, 0, 0, 0.00%, 0, 500, 1, 1584.55
1587602204, 810, 1, 3, 0, 0, 0.00%, 0, 500, 1, 1604.43
1587602209, 813, 2, 3, 0, 0, 0.00%, 0, 500, 1, 1582.78
1587602214, 817, 0, 3, 0, 0, 0.00%, 0, 500, 1, 1608.57
1587602219, 820, 1, 3, 0, 0, 0.00%, 0, 500, 1, 1593.84
1587602224, 823, 2, 3, 0, 0, 0.00%, 0, 500, 1, 1521.91
1587602229, 827, 0, 3, 0, 0, 0.00%, 0, 500, 1, 1552.57
1587602235, 830, 0, 3, 0, 0, 0.00%, 0, 500, 1, 1523.50
1587602240, 833, 1, 3, 0, 0, 0.00%, 0, 500, 1, 1544.84
1587602245, 837, 0, 3, 0, 0, 0.00%, 0, 500, 1, 1594.15
1587602250, 840, 0, 3, 0, 0, 0.00%, 0, 500, 1, 1543.91
1587602255, 843, 2, 3, 0, 0, 0.00%, 0, 500, 1, 1590.86
1587602260, 847, 0, 3, 0, 0, 0.00%, 0, 500, 1, 1600.50
1587602265, 850, 1, 3, 0, 0, 0.00%, 0, 500, 1, 1648.42
1587602270, 853, 2, 3, 0, 0, 0.00%, 0, 500, 1, 1571.06
1587602275, 857, 0, 3, 0, 0, 0.00%, 0, 500, 1, 1601.09
1587602280, 860, 1, 3, 0, 0, 0.00%, 0, 500, 1, 1589.46
1587602285, 864, 0, 3, 0, 0, 0.00%, 0, 500, 1, 1541.83
1587602290, 867, 1, 3, 0, 0, 0.00%, 0, 500, 1, 1632.59
1587602295, 870, 2, 3, 0, 0, 0.00%, 0, 500, 1, 1650.62
1587602301, 874, 0, 3, 0, 0, 0.00%, 0, 500, 1, 1637.40
1587602306, 877, 1, 3, 0, 0, 0.00%, 0, 500, 1, 1568.56
1587602311, 880, 0, 3, 0, 0, 0.00%, 0, 500, 1, 1546.09
1587602316, 882, 2, 3, 0, 0, 0.00%, 0, 500, 1, 1732.73
1587602321, 886, 0, 3, 0, 0, 0.00%, 0, 500, 1, 1625.37
1587602326, 889, 2, 3, 0, 0, 0.00%, 0, 500, 1, 1642.15
1587602331, 893, 0, 3, 0, 0, 0.00%, 0, 500, 1, 1553.62
1587602336, 896, 0, 3, 0, 0, 0.00%, 0, 500, 1, 1508.54
1587602341, 899, 2, 3, 0, 0, 0.00%, 0, 500, 1, 1593.98
1587602346, 903, 0, 3, 0, 0, 0.00%, 0, 500, 1, 1588.52
1587602351, 906, 0, 3, 0, 0, 0.00%, 0, 500, 1, 1592.44
1587602356, 909, 1, 3, 0, 0, 0.00%, 0, 500, 1, 1562.63
1587602362, 913, 0, 3, 0, 0, 0.00%, 0, 500, 1, 1605.47
1587602367, 916, 0, 3, 0, 0, 0.00%, 0, 500, 1, 1551.86
1587602372, 919, 2, 3, 0, 0, 0.00%, 0, 500, 1, 1623.88
1587602377, 923, 0, 3, 0, 0, 0.00%, 0, 500, 1, 1563.51
1587602382, 926, 0, 3, 0, 0, 0.00%, 0, 500, 1, 1586.78
1587602387, 929, 2, 3, 0, 0, 0.00%, 0, 500, 1, 1620.42
1587602392, 933, 0, 3, 0, 0, 0.00%, 0, 500, 1, 1535.14
1587602397, 936, 0, 3, 0, 0, 0.00%, 0, 500, 1, 1567.34
1587602402, 939, 2, 3, 0, 0, 0.00%, 0, 500, 1, 1630.95
1587602408, 943, 0, 3, 0, 0, 0.00%, 0, 500, 1, 1563.54
1587602413, 946, 2, 3, 0, 0, 0.00%, 0, 500, 1, 1603.84
1587602418, 950, 0, 3, 0, 0, 0.00%, 0, 500, 1, 1581.32
1587602423, 953, 1, 3, 0, 0, 0.00%, 0, 500, 1, 1607.91
1587602428, 957, 0, 3, 0, 0, 0.00%, 0, 500, 1, 1632.77
1587602433, 960, 1, 3, 0, 0, 0.00%, 0, 500, 1, 1687.73
1587602438, 963, 2, 3, 0, 0, 0.00%, 0, 500, 1, 1632.21
1587602443, 967, 1, 3, 0, 0, 0.00%, 0, 500, 1, 1642.63
1587602449, 971, 0, 3, 0, 0, 0.00%, 0, 500, 1, 1677.24
1587602454, 974, 1, 3, 0, 0, 0.00%, 0, 500, 1, 1618.43
1587602459, 978, 0, 3, 0, 0, 0.00%, 0, 500, 1, 1613.74
1587602464, 981, 2, 3, 0, 0, 0.00%, 0, 500, 1, 1679.93
1587602469, 985, 0, 3, 0, 0, 0.00%, 0, 500, 1, 1696.53
1587602474, 988, 2, 3, 0, 0, 0.00%, 0, 500, 1, 1654.99
1587602479, 992, 1, 3, 0, 0, 0.00%, 0, 500, 1, 1669.33
1587602484, 995, 2, 3, 0, 0, 0.00%, 0, 500, 1, 1628.28
1587602489, 999, 1, 3, 0, 0, 0.00%, 0, 500, 1, 1692.15
1587602494, 1002, 2, 3, 0, 0, 0.00%, 0, 500, 1, 1637.46
1587602499, 1006, 1, 3, 0, 0, 0.00%, 0, 500, 1, 1668.16
1587602504, 1009, 2, 3, 0, 0, 0.00%, 0, 500, 1, 1634.39
1587602509, 1013, 1, 3, 0, 0, 0.00%, 0, 500, 1, 1724.80
1587602515, 1016, 1, 3, 0, 0, 0.00%, 0, 500, 1, 1557.06
1587602520, 1020, 0, 3, 0, 0, 0.00%, 0, 500, 1, 1602.89
1587602525, 1023, 2, 3, 0, 0, 0.00%, 0, 500, 1, 1695.64
1587602530, 1027, 1, 3, 0, 0, 0.00%, 0, 500, 1, 1721.18
1587602535, 1031, 0, 3, 0, 0, 0.00%, 0, 500, 1, 1668.87
1587602540, 1034, 1, 3, 0, 0, 0.00%, 0, 500, 1, 1693.92
1587602545, 1038, 0, 3, 0, 0, 0.00%, 0, 500, 1, 1609.80
1587602550, 1041, 1, 3, 0, 0, 0.00%, 0, 500, 1, 1695.68
1587602556, 1045, 0, 3, 0, 0, 0.00%, 0, 500, 1, 1622.91
1587602561, 1048, 1, 3, 0, 0, 0.00%, 0, 500, 1, 1622.84
1587602566, 1052, 0, 3, 0, 0, 0.00%, 0, 500, 1, 1611.23
1587602571, 1055, 0, 3, 0, 0, 0.00%, 0, 500, 1, 1600.74
1587602576, 1058, 2, 3, 0, 0, 0.00%, 0, 500, 1, 1608.48
1587602581, 1062, 0, 3, 0, 0, 0.00%, 0, 500, 1, 1617.23
1587602586, 1065, 2, 3, 0, 0, 0.00%, 0, 500, 1, 1623.77
1587602591, 1069, 0, 3, 0, 0, 0.00%, 0, 500, 1, 1584.49
1587602596, 1072, 1, 3, 0, 0, 0.00%, 0, 500, 1, 1589.62
1587602601, 1076, 0, 3, 0, 0, 0.00%, 0, 500, 1, 1582.59
1587602607, 1079, 1, 3, 0, 0, 0.00%, 0, 500, 1, 1667.44
1587602612, 1083, 0, 3, 0, 0, 0.00%, 0, 500, 1, 1687.92
1587602617, 1086, 1, 3, 0, 0, 0.00%, 0, 500, 1, 1643.73
1587602622, 1090, 0, 3, 0, 0, 0.00%, 0, 500, 1, 1584.66
1587602627, 1093, 1, 3, 0, 0, 0.00%, 0, 500, 1, 1608.59
1587602632, 1096, 1, 3, 0, 0, 0.00%, 0, 500, 1, 1570.59
1587602637, 1100, 0, 3, 0, 0, 0.00%, 0, 500, 1, 1722.31
1587602642, 1103, 1, 3, 0, 0, 0.00%, 0, 500, 1, 1617.55
1587602647, 1107, 0, 3, 0, 0, 0.00%, 0, 500, 1, 1659.15
1587602652, 1110, 1, 3, 0, 0, 0.00%, 0, 500, 1, 1570.02
1587602657, 1114, 0, 3, 0, 0, 0.00%, 0, 500, 1, 1635.30
1587602662, 1117, 0, 3, 0, 0, 0.00%, 0, 500, 1, 1618.60
1587602667, 1120, 1, 3, 0, 0, 0.00%, 0, 500, 1, 1614.91
1587602672, 1124, 0, 3, 0, 0, 0.00%, 0, 500, 1, 1657.72
1587602677, 1127, 1, 3, 0, 0, 0.00%, 0, 500, 1, 1571.05
1587602683, 1131, 0, 3, 0, 0, 0.00%, 0, 500, 1, 1650.51
1587602688, 1134, 1, 3, 0, 0, 0.00%, 0, 500, 1, 1678.60
1587602693, 1138, 0, 3, 0, 0, 0.00%, 0, 500, 1, 1682.20
1587602698, 1141, 1, 3, 0, 0, 0.00%, 0, 500, 1, 1592.76
1587602703, 1145, 0, 3, 0, 0, 0.00%, 0, 500, 1, 1694.39
1587602708, 1148, 2, 3, 0, 0, 0.00%, 0, 500, 1, 1721.88
1587602713, 1152, 0, 3, 0, 0, 0.00%, 0, 500, 1, 1599.00
1587602718, 1155, 1, 3, 0, 0, 0.00%, 0, 500, 1, 1640.27
1587602723, 1159, 0, 3, 0, 0, 0.00%, 0, 500, 1, 1638.58
1587602728, 1162, 2, 3, 0, 0, 0.00%, 0, 500, 1, 1665.28
1587602733, 1166, 0, 3, 0, 0, 0.00%, 0, 500, 1, 1644.46
1587602738, 1169, 1, 3, 0, 0, 0.00%, 0, 500, 1, 1644.58
1587602743, 1173, 0, 3, 0, 0, 0.00%, 0, 500, 1, 1686.59
1587602748, 1176, 1, 3, 0, 0, 0.00%, 0, 500, 1, 1658.15
1587602754, 1180, 0, 3, 0, 0, 0.00%, 0, 500, 1, 1637.66
1587602759, 1183, 2, 3, 0, 0, 0.00%, 0, 500, 1, 1731.87
1587602764, 1187, 0, 3, 0, 0, 0.00%, 0, 500, 1, 1679.70
1587602769, 1190, 2, 3, 0, 0, 0.00%, 0, 500, 1, 1574.18
1587602774, 1194, 1, 3, 0, 0, 0.00%, 0, 500, 1, 1653.40
1587602779, 1197, 2, 3, 0, 0, 0.00%, 0, 500, 1, 1646.99
1587602784, 1201, 1, 3, 0, 0, 0.00%, 0, 500, 1, 1704.98
1587602789, 1205, 0, 3, 0, 0, 0.00%, 0, 500, 1, 1673.19
1587602794, 1208, 1, 3, 0, 0, 0.00%, 0, 500, 1, 1642.79
1587602799, 1211, 2, 3, 0, 0, 0.00%, 0, 500, 1, 1617.11
1587602805, 1215, 0, 3, 0, 0, 0.00%, 0, 500, 1, 1627.08
1587602810, 1218, 2, 3, 0, 0, 0.00%, 0, 500, 1, 1645.67
1587602815, 1222, 0, 3, 0, 0, 0.00%, 0, 500, 1, 1619.48
1587602820, 1225, 2, 3, 0, 0, 0.00%, 0, 500, 1, 1630.27
1587602825, 1229, 0, 3, 0, 0, 0.00%, 0, 500, 1, 1634.36
1587602830, 1232, 1, 3, 0, 0, 0.00%, 0, 500, 1, 1603.89
1587602835, 1236, 0, 3, 0, 0, 0.00%, 0, 500, 1, 1577.32
1587602840, 1239, 1, 3, 0, 0, 0.00%, 0, 500, 1, 1646.65
1587602845, 1243, 0, 3, 0, 0, 0.00%, 0, 500, 1, 1676.12
1587602850, 1246, 1, 3, 0, 0, 0.00%, 0, 500, 1, 1652.43
1587602855, 1249, 2, 3, 0, 0, 0.00%, 0, 500, 1, 1570.04
1587602860, 1253, 1, 3, 0, 0, 0.00%, 0, 500, 1, 1693.31
1587602865, 1256, 1, 3, 0, 0, 0.00%, 0, 500, 1, 1580.54
1587602871, 1260, 0, 3, 0, 0, 0.00%, 0, 500, 1, 1685.34
1587602876, 1263, 1, 3, 0, 0, 0.00%, 0, 500, 1, 1622.40
1587602881, 1267, 0, 3, 0, 0, 0.00%, 0, 500, 1, 1612.85
1587602886, 1270, 1, 3, 0, 0, 0.00%, 0, 500, 1, 1664.66
1587602891, 1274, 0, 3, 0, 0, 0.00%, 0, 500, 1, 1672.95
1587602896, 1277, 1, 3, 0, 0, 0.00%, 0, 500, 1, 1681.11
1587602901, 1281, 0, 3, 0, 0, 0.00%, 0, 500, 1, 1669.40
1587602906, 1284, 2, 3, 0, 0, 0.00%, 0, 500, 1, 1683.19
1587602911, 1288, 0, 3, 0, 0, 0.00%, 0, 500, 1, 1515.86
1587602916, 1291, 0, 3, 0, 0, 0.00%, 0, 500, 1, 1580.23
1587602921, 1294, 2, 3, 0, 0, 0.00%, 0, 500, 1, 1634.47
1587602927, 1298, 1, 3, 0, 0, 0.00%, 0, 500, 1, 1674.65
1587602932, 1302, 0, 3, 0, 0, 0.00%, 0, 500, 1, 1631.83
1587602937, 1305, 1, 3, 0, 0, 0.00%, 0, 500, 1, 1603.45
1587602942, 1308, 2, 3, 0, 0, 0.00%, 0, 500, 1, 1643.96
1587602947, 1312, 0, 3, 0, 0, 0.00%, 0, 500, 1, 1670.38
1587602952, 1316, 0, 3, 0, 0, 0.00%, 0, 500, 1, 1706.63
1587602957, 1319, 1, 3, 0, 0, 0.00%, 0, 500, 1, 1652.11
1587602962, 1322, 2, 3, 0, 0, 0.00%, 0, 500, 1, 1556.51
1587602967, 1326, 0, 3, 0, 0, 0.00%, 0, 500, 1, 1592.38
1587602973, 1329, 0, 3, 0, 0, 0.00%, 0, 500, 1, 1513.83
1587602978, 1332, 2, 3, 0, 0, 0.00%, 0, 500, 1, 1583.03
1587602983, 1336, 0, 3, 0, 0, 0.00%, 0, 500, 1, 1639.75
1587602988, 1339, 2, 3, 0, 0, 0.00%, 0, 500, 1, 1691.48
1587602993, 1343, 1, 3, 0, 0, 0.00%, 0, 500, 1, 1692.81
1587602998, 1346, 2, 3, 0, 0, 0.00%, 0, 500, 1, 1532.86
1587603003, 1350, 0, 3, 0, 0, 0.00%, 0, 500, 1, 1603.09
1587603008, 1353, 1, 3, 0, 0, 0.00%, 0, 500, 1, 1606.09
1587603013, 1356, 2, 3, 0, 0, 0.00%, 0, 500, 1, 1596.22
1587603018, 1360, 0, 3, 0, 0, 0.00%, 0, 500, 1, 1597.01
1587603023, 1363, 2, 3, 0, 0, 0.00%, 0, 500, 1, 1598.73
1587603028, 1367, 0, 3, 0, 0, 0.00%, 0, 500, 1, 1627.47
1587603033, 1370, 1, 3, 0, 0, 0.00%, 0, 500, 1, 1637.11
1587603039, 1374, 0, 3, 0, 0, 0.00%, 0, 500, 1, 1616.94
1587603044, 1377, 1, 3, 0, 0, 0.00%, 0, 500, 1, 1619.43
1587603049, 1381, 0, 3, 0, 0, 0.00%, 0, 500, 1, 1626.08
1587603054, 1384, 1, 3, 0, 0, 0.00%, 0, 500, 1, 1623.05
1587603059, 1387, 2, 3, 0, 0, 0.00%, 0, 500, 1, 1620.44
1587603064, 1391, 0, 3, 0, 0, 0.00%, 0, 500, 1, 1626.45
1587603069, 1394, 2, 3, 0, 0, 0.00%, 0, 500, 1, 1638.22
1587603074, 1398, 1, 3, 0, 0, 0.00%, 0, 500, 1, 1671.57
1587603079, 1402, 0, 3, 0, 0, 0.00%, 0, 500, 1, 1692.82
1587603084, 1405, 0, 3, 0, 0, 0.00%, 0, 500, 1, 1607.08
1587603089, 1408, 2, 3, 0, 0, 0.00%, 0, 500, 1, 1637.80
1587603094, 1412, 0, 3, 0, 0, 0.00%, 0, 500, 1, 1668.37
1587603099, 1415, 1, 3, 0, 0, 0.00%, 0, 500, 1, 1579.79
1587603104, 1419, 0, 3, 0, 0, 0.00%, 0, 500, 1, 1622.19
1587603110, 1422, 2, 3, 0, 0, 0.00%, 0, 500, 1, 1717.64
1587603115, 1426, 0, 3, 0, 0, 0.00%, 0, 500, 1, 1674.12
1587603120, 1429, 1, 3, 0, 0, 0.00%, 0, 500, 1, 1599.33
1587603125, 1433, 0, 3, 0, 0, 0.00%, 0, 500, 1, 1711.48
1587603130, 1436, 2, 3, 0, 0, 0.00%, 0, 500, 1, 1661.99
1587603135, 1440, 0, 3, 0, 0, 0.00%, 0, 500, 1, 1619.70
1587603140, 1443, 2, 3, 0, 0, 0.00%, 0, 500, 1, 1659.57
1587603145, 1447, 0, 3, 0, 0, 0.00%, 0, 500, 1, 1633.14
1587603150, 1450, 2, 3, 0, 0, 0.00%, 0, 500, 1, 1658.39
1587603155, 1454, 0, 3, 0, 0, 0.00%, 0, 500, 1, 1584.65
1587603160, 1457, 2, 3, 0, 0, 0.00%, 0, 500, 1, 1676.84
1587603165, 1461, 0, 3, 0, 0, 0.00%, 0, 500, 1, 1658.66
1587603171, 1464, 2, 3, 0, 0, 0.00%, 0, 500, 1, 1667.44
1587603176, 1468, 0, 3, 0, 0, 0.00%, 0, 500, 1, 1693.14
1587603181, 1471, 2, 3, 0, 0, 0.00%, 0, 500, 1, 1622.80
1587603186, 1475, 0, 3, 0, 0, 0.00%, 0, 500, 1, 1663.57
1587603191, 1478, 1, 3, 0, 0, 0.00%, 0, 500, 1, 1566.61
1587603196, 1482, 0, 3, 0, 0, 0.00%, 0, 500, 1, 1660.12
1587603201, 1485, 1, 3, 0, 0, 0.00%, 0, 500, 1, 1682.24
1587603206, 1489, 0, 3, 0, 0, 0.00%, 0, 500, 1, 1671.06
1587603211, 1492, 1, 3, 0, 0, 0.00%, 0, 500, 1, 1583.11
1587603216, 1496, 0, 3, 0, 0, 0.00%, 0, 500, 1, 1634.46
1587603221, 1499, 1, 3, 0, 0, 0.00%, 0, 500, 1, 1583.73
1587603226, 1502, 2, 3, 0, 0, 0.00%, 0, 500, 1, 1583.00
1587603232, 1506, 1, 3, 0, 0, 0.00%, 0, 500, 1, 1635.34
1587603237, 1509, 2, 3, 0, 0, 0.00%, 0, 500, 1, 1637.82
1587603242, 1513, 0, 3, 0, 0, 0.00%, 0, 500, 1, 1618.28
1587603247, 1516, 2, 3, 0, 0, 0.00%, 0, 500, 1, 1682.87
1587603252, 1520, 1, 3, 0, 0, 0.00%, 0, 500, 1, 1719.66
1587603257, 1524, 0, 3, 0, 0, 0.00%, 0, 500, 1, 1653.36
1587603262, 1527, 0, 3, 0, 0, 0.00%, 0, 500, 1, 1589.29
1587603267, 1531, 0, 3, 0, 0, 0.00%, 0, 500, 1, 1716.57
1587603272, 1534, 1, 3, 0, 0, 0.00%, 0, 500, 1, 1684.79
1587603277, 1537, 2, 3, 0, 0, 0.00%, 0, 500, 1, 1590.95
1587603282, 1541, 0, 3, 0, 0, 0.00%, 0, 500, 1, 1650.11
1587603287, 1544, 2, 3, 0, 0, 0.00%, 0, 500, 1, 1676.07
1587603292, 1548, 0, 3, 0, 0, 0.00%, 0, 500, 1, 1614.30
1587603297, 1551, 1, 3, 0, 0, 0.00%, 0, 500, 1, 1560.62
1587603302, 1555, 0, 3, 0, 0, 0.00%, 0, 500, 1, 1601.19
1587603308, 1558, 1, 3, 0, 0, 0.00%, 0, 500, 1, 1652.96
1587603313, 1561, 2, 3, 0, 0, 0.00%, 0, 500, 1, 1544.77
1587603318, 1565, 0, 3, 0, 0, 0.00%, 0, 500, 1, 1651.32
1587603323, 1568, 1, 3, 0, 0, 0.00%, 0, 500, 1, 1595.96
1587603328, 1572, 0, 3, 0, 0, 0.00%, 0, 500, 1, 1618.43
1587603333, 1575, 1, 3, 0, 0, 0.00%, 0, 500, 1, 1655.81
1587603338, 1579, 0, 3, 0, 0, 0.00%, 0, 500, 1, 1646.95
1587603343, 1582, 0, 3, 0, 0, 0.00%, 0, 500, 1, 1583.69
1587603348, 1585, 2, 3, 0, 0, 0.00%, 0, 500, 1, 1652.93
1587603353, 1589, 0, 3, 0, 0, 0.00%, 0, 500, 1, 1593.00
1587603358, 1592, 0, 3, 0, 0, 0.00%, 0, 500, 1, 1575.22
1587603363, 1595, 2, 3, 0, 0, 0.00%, 0, 500, 1, 1617.90
1587603369, 1599, 1, 3, 0, 0, 0.00%, 0, 500, 1, 1720.60
1587603374, 1603, 0, 3, 0, 0, 0.00%, 0, 500, 1, 1677.25
1587603379, 1606, 2, 3, 0, 0, 0.00%, 0, 500, 1, 1746.77
1587603384, 1610, 0, 3, 0, 0, 0.00%, 0, 500, 1, 1697.05
1587603389, 1613, 2, 3, 0, 0, 0.00%, 0, 500, 1, 1693.14
1587603394, 1617, 0, 3, 0, 0, 0.00%, 0, 500, 1, 1617.83
1587603399, 1620, 1, 3, 0, 0, 0.00%, 0, 500, 1, 1570.10
1587603404, 1624, 0, 3, 0, 0, 0.00%, 0, 500, 1, 1632.23
1587603409, 1627, 1, 3, 0, 0, 0.00%, 0, 500, 1, 1681.03
1587603414, 1631, 0, 3, 0, 0, 0.00%, 0, 500, 1, 1598.43
1587603419, 1634, 0, 3, 0, 0, 0.00%, 0, 500, 1, 1631.31
1587603424, 1637, 2, 3, 0, 0, 0.00%, 0, 500, 1, 1659.28
1587603429, 1641, 0, 3, 0, 0, 0.00%, 0, 500, 1, 1607.05
1587603434, 1644, 1, 3, 0, 0, 0.00%, 0, 500, 1, 1606.84
1587603439, 1648, 0, 3, 0, 0, 0.00%, 0, 500, 1, 1682.66
1587603445, 1651, 1, 3, 0, 0, 0.00%, 0, 500, 1, 1603.77
1587603450, 1654, 2, 3, 0, 0, 0.00%, 0, 500, 1, 1583.32
1587603455, 1658, 1, 3, 0, 0, 0.00%, 0, 500, 1, 1690.79
1587603460, 1662, 0, 3, 0, 0, 0.00%, 0, 500, 1, 1683.64
1587603465, 1665, 1, 3, 0, 0, 0.00%, 0, 500, 1, 1602.39
1587603470, 1669, 0, 3, 0, 0, 0.00%, 0, 500, 1, 1682.99
1587603475, 1672, 1, 3, 0, 0, 0.00%, 0, 500, 1, 1643.33
1587603480, 1675, 2, 3, 0, 0, 0.00%, 0, 500, 1, 1551.43
1587603485, 1679, 0, 3, 0, 0, 0.00%, 0, 500, 1, 1615.58
1587603490, 1682, 1, 3, 0, 0, 0.00%, 0, 500, 1, 1670.71
1587603496, 1686, 0, 3, 0, 0, 0.00%, 0, 500, 1, 1627.08
1587603501, 1689, 1, 3, 0, 0, 0.00%, 0, 500, 1, 1666.29
1587603506, 1693, 0, 3, 0, 0, 0.00%, 0, 500, 1, 1686.36
1587603511, 1696, 2, 3, 0, 0, 0.00%, 0, 500, 1, 1615.07
1587603516, 1700, 0, 3, 0, 0, 0.00%, 0, 500, 1, 1598.00
1587603521, 1703, 1, 3, 0, 0, 0.00%, 0, 500, 1, 1635.63
1587603526, 1707, 0, 3, 0, 0, 0.00%, 0, 500, 1, 1684.54
1587603531, 1711, 0, 3, 0, 0, 0.00%, 0, 500, 1, 1754.49
1587603536, 1714, 1, 3, 0, 0, 0.00%, 0, 500, 1, 1639.91
1587603542, 1717, 2, 3, 0, 0, 0.00%, 0, 500, 1, 1695.47
1587603547, 1721, 0, 3, 0, 0, 0.00%, 0, 500, 1, 1624.63
1587603552, 1724, 1, 3, 0, 0, 0.00%, 0, 500, 1, 1648.49
1587603557, 1728, 0, 3, 0, 0, 0.00%, 0, 500, 1, 1684.88
1587603562, 1731, 1, 3, 0, 0, 0.00%, 0, 500, 1, 1621.16
1587603567, 1735, 0, 3, 0, 0, 0.00%, 0, 500, 1, 1675.91
1587603572, 1738, 1, 3, 0, 0, 0.00%, 0, 500, 1, 1602.04
1587603577, 1741, 2, 3, 0, 0, 0.00%, 0, 500, 1, 1560.07
1587603582, 1745, 0, 3, 0, 0, 0.00%, 0, 500, 1, 1636.46
1587603587, 1748, 2, 3, 0, 0, 0.00%, 0, 500, 1, 1629.80
1587603592, 1752, 0, 3, 0, 0, 0.00%, 0, 500, 1, 1601.62
1587603597, 1755, 1, 3, 0, 0, 0.00%, 0, 500, 1, 1594.77
1587603602, 1758, 2, 3, 0, 0, 0.00%, 0, 500, 1, 1569.20
1587603607, 1762, 0, 3, 0, 0, 0.00%, 0, 500, 1, 1677.97
1587603612, 1765, 1, 3, 0, 0, 0.00%, 0, 500, 1, 1610.21
1587603618, 1769, 0, 3, 0, 0, 0.00%, 0, 500, 1, 1621.54
1587603623, 1772, 0, 3, 0, 0, 0.00%, 0, 500, 1, 1582.38
1587603628, 1775, 2, 3, 0, 0, 0.00%, 0, 500, 1, 1586.79
1587603633, 1779, 0, 3, 0, 0, 0.00%, 0, 500, 1, 1581.89
1587603638, 1782, 0, 3, 0, 0, 0.00%, 0, 500, 1, 1571.28
1587603643, 1785, 1, 3, 0, 0, 0.00%, 0, 500, 1, 1523.35
1587603648, 1788, 2, 3, 0, 0, 0.00%, 0, 500, 1, 1615.54
1587603653, 1792, 0, 3, 0, 0, 0.00%, 0, 500, 1, 1621.65
1587603658, 1795, 2, 3, 0, 0, 0.00%, 0, 500, 1, 1607.38
1587603663, 1799, 0, 3, 0, 0, 0.00%, 0, 500, 1, 1564.46
1587603668, 1802, 1, 3, 0, 0, 0.00%, 0, 500, 1, 1609.32
1587603673, 1805, 2, 3, 0, 0, 0.00%, 0, 500, 1, 1603.77
1587603678, 1809, 0, 3, 0, 0, 0.00%, 0, 500, 1, 1651.91
1587603683, 1812, 2, 3, 0, 0, 0.00%, 0, 500, 1, 1580.19
1587603689, 1816, 0, 3, 0, 0, 0.00%, 0, 500, 1, 1618.57
1587603694, 1819, 1, 3, 0, 0, 0.00%, 0, 500, 1, 1577.42
1587603699, 1823, 0, 3, 0, 0, 0.00%, 0, 500, 1, 1646.79
1587603704, 1826, 1, 3, 0, 0, 0.00%, 0, 500, 1, 1671.23
1587603709, 1830, 0, 3, 0, 0, 0.00%, 0, 500, 1, 1709.56
1587603714, 1833, 1, 3, 0, 0, 0.00%, 0, 500, 1, 1665.64
1587603719, 1837, 0, 3, 0, 0, 0.00%, 0, 500, 1, 1692.00
1587603724, 1840, 1, 3, 0, 0, 0.00%, 0, 500, 1, 1634.42
1587603729, 1843, 2, 3, 0, 0, 0.00%, 0, 500, 1, 1581.38
1587603734, 1847, 0, 3, 0, 0, 0.00%, 0, 500, 1, 1612.17
1587603739, 1850, 2, 3, 0, 0, 0.00%, 0, 500, 1, 1652.73
1587603745, 1854, 0, 3, 0, 0, 0.00%, 0, 500, 1, 1604.96
1587603750, 1857, 2, 3, 0, 0, 0.00%, 0, 500, 1, 1644.59
1587603755, 1861, 0, 3, 0, 0, 0.00%, 0, 500, 1, 1671.89
1587603760, 1864, 1, 3, 0, 0, 0.00%, 0, 500, 1, 1577.92
1587603765, 1868, 0, 3, 0, 0, 0.00%, 0, 500, 1, 1680.11
1587603770, 1871, 0, 3, 0, 0, 0.00%, 0, 500, 1, 1558.15
1587603775, 1875, 0, 3, 0, 0, 0.00%, 0, 500, 1, 1685.29
1587603780, 1878, 0, 3, 0, 0, 0.00%, 0, 500, 1, 864.76
1587603785, 1881, 2, 3, 0, 0, 0.00%, 0, 500, 1, 1501.13
1587603790, 1885, 0, 3, 0, 0, 0.00%, 0, 500, 1, 1645.25
1587603795, 1888, 2, 3, 0, 0, 0.00%, 0, 500, 1, 1682.39
1587603800, 1892, 0, 3, 0, 0, 0.00%, 0, 500, 1, 1671.22
1587603806, 1895, 2, 3, 0, 0, 0.00%, 0, 500, 1, 1689.65
1587603811, 1899, 0, 3, 0, 0, 0.00%, 0, 500, 1, 1623.90
1587603816, 1902, 1, 3, 0, 0, 0.00%, 0, 500, 1, 1575.95
1587603821, 1905, 2, 3, 0, 0, 0.00%, 0, 500, 1, 1547.43
1587603826, 1909, 0, 3, 0, 0, 0.00%, 0, 500, 1, 1579.95
1587603831, 1912, 2, 3, 0, 0, 0.00%, 0, 500, 1, 1633.30
1587603836, 1916, 0, 3, 0, 0, 0.00%, 0, 500, 1, 1593.01
1587603841, 1919, 0, 3, 0, 0, 0.00%, 0, 500, 1, 1530.70
1587603846, 1922, 2, 3, 0, 0, 0.00%, 0, 500, 1, 1611.04
1587603851, 1926, 0, 3, 0, 0, 0.00%, 0, 500, 1, 1605.07
1587603856, 1929, 2, 3, 0, 0, 0.00%, 0, 500, 1, 1626.16
1587603862, 1933, 0, 3, 0, 0, 0.00%, 0, 500, 1, 1596.87
1587603867, 1936, 1, 3, 0, 0, 0.00%, 0, 500, 1, 1669.82
1587603872, 1940, 0, 3, 0, 0, 0.00%, 0, 500, 1, 1640.48
1587603877, 1943, 1, 3, 0, 0, 0.00%, 0, 500, 1, 1609.03
1587603882, 1947, 0, 3, 0, 0, 0.00%, 0, 500, 1, 1695.69
1587603887, 1950, 1, 3, 0, 0, 0.00%, 0, 500, 1, 1594.80
1587603892, 1953, 2, 3, 0, 0, 0.00%, 0, 500, 1, 1631.09
1587603897, 1957, 0, 3, 0, 0, 0.00%, 0, 500, 1, 1624.85
1587603902, 1960, 2, 3, 0, 0, 0.00%, 0, 500, 1, 1651.68
1587603907, 1964, 0, 3, 0, 0, 0.00%, 0, 500, 1, 1593.65
1587603912, 1967, 1, 3, 0, 0, 0.00%, 0, 500, 1, 1620.98
1587603917, 1970, 2, 3, 0, 0, 0.00%, 0, 500, 1, 1604.65
1587603923, 1974, 1, 3, 0, 0, 0.00%, 0, 500, 1, 1678.17
1587603928, 1978, 0, 3, 0, 0, 0.00%, 0, 500, 1, 1678.79
1587603933, 1981, 1, 3, 0, 0, 0.00%, 0, 500, 1, 1606.43
1587603938, 1984, 2, 3, 0, 0, 0.00%, 0, 500, 1, 1592.86
1587603943, 1988, 0, 3, 0, 0, 0.00%, 0, 500, 1, 1626.48
1587603948, 1991, 1, 3, 0, 0, 0.00%, 0, 500, 1, 1588.31
1587603953, 1994, 2, 3, 0, 0, 0.00%, 0, 500, 1, 1583.84
1587603958, 1998, 0, 3, 0, 0, 0.00%, 0, 500, 1, 1594.86
1587603963, 2001, 1, 3, 0, 0, 0.00%, 0, 500, 1, 1545.47
1587603968, 2005, 0, 3, 0, 0, 0.00%, 0, 500, 1, 1677.46
1587603973, 2008, 1, 3, 0, 0, 0.00%, 0, 500, 1, 1690.86
1587603978, 2012, 0, 3, 0, 0, 0.00%, 0, 500, 1, 1672.95
1587603983, 2015, 1, 3, 0, 0, 0.00%, 0, 500, 1, 1612.62
1587603988, 2018, 2, 3, 0, 0, 0.00%, 0, 500, 1, 1590.01
1587603993, 2022, 0, 3, 0, 0, 0.00%, 0, 500, 1, 1598.38
1587603999, 2025, 1, 3, 0, 0, 0.00%, 0, 500, 1, 1583.88
1587604004, 2029, 0, 3, 0, 0, 0.00%, 0, 500, 1, 1576.14
1587604009, 2032, 0, 3, 0, 0, 0.00%, 0, 500, 1, 1604.99
1587604014, 2035, 2, 3, 0, 0, 0.00%, 0, 500, 1, 1638.51
1587604019, 2039, 0, 3, 0, 0, 0.00%, 0, 500, 1, 1603.98
1587604024, 2042, 2, 3, 0, 0, 0.00%, 0, 500, 1, 1618.63
1587604029, 2046, 0, 3, 0, 0, 0.00%, 0, 500, 1, 1641.38
1587604034, 2049, 1, 3, 0, 0, 0.00%, 0, 500, 1, 1655.61
1587604039, 2053, 0, 3, 0, 0, 0.00%, 0, 500, 1, 1684.61
1587604044, 2056, 1, 3, 0, 0, 0.00%, 0, 500, 1, 1629.49
1587604049, 2060, 0, 3, 0, 0, 0.00%, 0, 500, 1, 1593.98
1587604055, 2062, 2, 3, 0, 0, 0.00%, 0, 500, 1, 1553.90
1587604060, 2064, 1, 3, 0, 0, 0.00%, 0, 500, 1, 529.73
1587604065, 2067, 0, 3, 0, 0, 0.00%, 0, 500, 1, 1075.36
1587604070, 2069, 2, 3, 0, 0, 0.00%, 0, 500, 1, 1336.18
1587604075, 2073, 0, 3, 0, 0, 0.00%, 0, 500, 1, 1519.66
1587604080, 2076, 1, 3, 0, 0, 0.00%, 0, 500, 1, 1554.40
1587604085, 2079, 1, 3, 0, 0, 0.00%, 0, 500, 1, 1485.11
1587604090, 2083, 0, 3, 0, 0, 0.00%, 0, 500, 1, 1511.93
1587604095, 2086, 0, 3, 0, 0, 0.00%, 0, 500, 1, 1438.41
1587604100, 2089, 1, 3, 0, 0, 0.00%, 0, 500, 1, 1540.68
1587604106, 2092, 1, 3, 0, 0, 0.00%, 0, 500, 1, 1511.61
1587604111, 2095, 2, 3, 0, 0, 0.00%, 0, 500, 1, 1521.97
1587604116, 2098, 0, 3, 0, 0, 0.00%, 0, 500, 1, 1201.84
1587604121, 2101, 2, 3, 0, 0, 0.00%, 0, 500, 1, 1529.70
1587604126, 2104, 2, 3, 0, 0, 0.00%, 0, 500, 1, 1404.54
1587604131, 2108, 0, 3, 0, 0, 0.00%, 0, 500, 1, 1427.40
1587604136, 2111, 0, 3, 0, 0, 0.00%, 0, 500, 1, 1408.41
1587604141, 2114, 0, 3, 0, 0, 0.00%, 0, 500, 1, 1545.51
1587604146, 2117, 1, 3, 0, 0, 0.00%, 0, 500, 1, 1525.66
1587604152, 2120, 2, 3, 0, 0, 0.00%, 0, 500, 1, 1492.74
1587604157, 2124, 0, 3, 0, 0, 0.00%, 0, 500, 1, 1512.52
1587604162, 2127, 1, 3, 0, 0, 0.00%, 0, 500, 1, 1559.23
1587604167, 2130, 2, 3, 0, 0, 0.00%, 0, 500, 1, 1545.33
1587604172, 2134, 0, 3, 0, 0, 0.00%, 0, 500, 1, 1524.78
1587604177, 2136, 1, 3, 0, 0, 0.00%, 0, 500, 1, 1330.45
1587604182, 2139, 2, 3, 0, 0, 0.00%, 0, 500, 1, 1495.92
1587604187, 2143, 0, 3, 0, 0, 0.00%, 0, 500, 1, 1505.01
1587604192, 2146, 0, 3, 0, 0, 0.00%, 0, 500, 1, 1388.49
1587604198, 2149, 0, 3, 0, 0, 0.00%, 0, 500, 1, 1452.19
1587604203, 2152, 0, 3, 0, 0, 0.00%, 0, 500, 1, 1371.23
1587604208, 2155, 1, 3, 0, 0, 0.00%, 0, 500, 1, 1575.29
1587604213, 2158, 2, 3, 0, 0, 0.00%, 0, 500, 1, 1560.74
1587604218, 2162, 0, 3, 0, 0, 0.00%, 0, 500, 1, 1573.39
1587604223, 2165, 1, 3, 0, 0, 0.00%, 0, 500, 1, 1577.69
1587604228, 2168, 2, 3, 0, 0, 0.00%, 0, 500, 1, 1591.95
1587604233, 2172, 0, 3, 0, 0, 0.00%, 0, 500, 1, 1506.94
1587604238, 2175, 1, 3, 0, 0, 0.00%, 0, 500, 1, 1599.78
1587604244, 2178, 1, 3, 0, 0, 0.00%, 0, 500, 1, 1481.64
1587604249, 2181, 0, 3, 0, 0, 0.00%, 0, 500, 1, 1417.63
1587604254, 2184, 1, 3, 0, 0, 0.00%, 0, 500, 1, 1485.44
1587604259, 2187, 1, 3, 0, 0, 0.00%, 0, 500, 1, 1428.54
1587604264, 2190, 1, 3, 0, 0, 0.00%, 0, 500, 1, 1441.16
1587604269, 2193, 1, 3, 0, 0, 0.00%, 0, 500, 1, 1426.56
1587604274, 2196, 1, 3, 0, 0, 0.00%, 0, 500, 1, 1441.38
1587604279, 2199, 1, 3, 0, 0, 0.00%, 0, 500, 1, 1471.63
1587604284, 2203, 0, 3, 0, 0, 0.00%, 0, 500, 1, 1651.80
1587604289, 2205, 2, 3, 0, 0, 0.00%, 0, 500, 1, 1390.02
1587604294, 2209, 0, 3, 0, 0, 0.00%, 0, 500, 1, 1521.03
1587604299, 2212, 0, 3, 0, 0, 0.00%, 0, 500, 1, 1448.74
1587604304, 2215, 1, 3, 0, 0, 0.00%, 0, 500, 1, 1521.72
1587604310, 2218, 1, 3, 0, 0, 0.00%, 0, 500, 1, 1500.61
1587604315, 2221, 1, 3, 0, 0, 0.00%, 0, 500, 1, 1408.65
1587604320, 2224, 2, 3, 0, 0, 0.00%, 0, 500, 1, 1517.14
1587604325, 2228, 0, 3, 0, 0, 0.00%, 0, 500, 1, 1520.52
1587604330, 2230, 2, 3, 0, 0, 0.00%, 0, 500, 1, 1683.84
1587604335, 2234, 0, 3, 0, 0, 0.00%, 0, 500, 1, 1630.58
1587604340, 2237, 1, 3, 0, 0, 0.00%, 0, 500, 1, 1601.04
1587604345, 2240, 0, 3, 0, 0, 0.00%, 0, 500, 1, 1580.14
1587604350, 2243, 1, 3, 0, 0, 0.00%, 0, 500, 1, 1581.98
1587604356, 2246, 1, 3, 0, 0, 0.00%, 0, 500, 1, 1425.67
1587604361, 2249, 2, 3, 0, 0, 0.00%, 0, 500, 1, 1465.27
1587604366, 2253, 0, 3, 0, 0, 0.00%, 0, 500, 1, 1536.50
1587604371, 2256, 0, 3, 0, 0, 0.00%, 0, 500, 1, 1505.45
1587604376, 2259, 0, 3, 0, 0, 0.00%, 0, 500, 1, 1399.81
1587604381, 2262, 0, 3, 0, 0, 0.00%, 0, 500, 1, 1440.79
1587604386, 2264, 2, 3, 0, 0, 0.00%, 0, 500, 1, 1429.67
1587604391, 2267, 2, 3, 0, 0, 0.00%, 0, 500, 1, 1461.73
1587604396, 2271, 0, 3, 0, 0, 0.00%, 0, 500, 1, 1546.97
1587604401, 2274, 0, 3, 0, 0, 0.00%, 0, 500, 1, 1487.64
1587604406, 2276, 2, 3, 0, 0, 0.00%, 0, 500, 1, 1416.19
1587604411, 2280, 0, 3, 0, 0, 0.00%, 0, 500, 1, 1589.65
1587604416, 2283, 0, 3, 0, 0, 0.00%, 0, 500, 1, 1471.96
1587604421, 2286, 1, 3, 0, 0, 0.00%, 0, 500, 1, 1529.14
1587604426, 2290, 0, 3, 0, 0, 0.00%, 0, 500, 1, 1576.50
1587604432, 2293, 0, 3, 0, 0, 0.00%, 0, 500, 1, 1538.80
1587604437, 2296, 2, 3, 0, 0, 0.00%, 0, 500, 1, 1591.87
1587604442, 2299, 2, 3, 0, 0, 0.00%, 0, 500, 1, 1499.97
1587604447, 2303, 0, 3, 0, 0, 0.00%, 0, 500, 1, 1573.43
1587604452, 2306, 0, 3, 0, 0, 0.00%, 0, 500, 1, 1410.98
1587604457, 2309, 2, 3, 0, 0, 0.00%, 0, 500, 1, 1659.78
1587604462, 2313, 0, 3, 0, 0, 0.00%, 0, 500, 1, 1537.36
1587604467, 2316, 0, 3, 0, 0, 0.00%, 0, 500, 1, 1496.42
1587604472, 2319, 0, 3, 0, 0, 0.00%, 0, 500, 1, 1440.32
1587604477, 2322, 1, 3, 0, 0, 0.00%, 0, 500, 1, 1482.70
1587604483, 2325, 0, 3, 0, 0, 0.00%, 0, 500, 1, 1389.80
1587604488, 2328, 0, 3, 0, 0, 0.00%, 0, 500, 1, 1385.81
1587604493, 2331, 0, 3, 0, 0, 0.00%, 0, 500, 1, 1338.12
1587604498, 2334, 0, 3, 0, 0, 0.00%, 0, 500, 1, 1452.80
1587604503, 2336, 2, 3, 0, 0, 0.00%, 0, 500, 1, 1341.18
1587604508, 2339, 1, 3, 0, 0, 0.00%, 0, 500, 1, 1352.87
1587604513, 2343, 0, 3, 0, 0, 0.00%, 0, 500, 1, 1514.48
1587604518, 2346, 0, 3, 0, 0, 0.00%, 0, 500, 1, 1435.05
1587604523, 2349, 0, 3, 0, 0, 0.00%, 0, 500, 1, 1455.62
1587604528, 2352, 0, 3, 0, 0, 0.00%, 0, 500, 1, 1369.12
1587604533, 2355, 1, 3, 0, 0, 0.00%, 0, 500, 1, 1561.36
1587604538, 2358, 1, 3, 0, 0, 0.00%, 0, 500, 1, 1442.75
1587604544, 2361, 2, 3, 0, 0, 0.00%, 0, 500, 1, 1534.25
1587604549, 2365, 0, 3, 0, 0, 0.00%, 0, 500, 1, 1614.13
1587604554, 2368, 1, 3, 0, 0, 0.00%, 0, 500, 1, 1509.66
1587604559, 2371, 1, 3, 0, 0, 0.00%, 0, 500, 1, 1428.76
1587604564, 2374, 2, 3, 0, 0, 0.00%, 0, 500, 1, 1555.83
1587604569, 2378, 0, 3, 0, 0, 0.00%, 0, 500, 1, 1470.08
1587604574, 2381, 0, 3, 0, 0, 0.00%, 0, 500, 1, 1473.57
1587604579, 2384, 0, 3, 0, 0, 0.00%, 0, 500, 1, 1418.04
1587604584, 2387, 0, 3, 0, 0, 0.00%, 0, 500, 1, 1518.17
1587604590, 2390, 1, 3, 0, 0, 0.00%, 0, 500, 1, 1516.34
1587604595, 2393, 2, 3, 0, 0, 0.00%, 0, 500, 1, 1541.10
1587604600, 2397, 0, 3, 0, 0, 0.00%, 0, 500, 1, 1580.93
1587604605, 2400, 1, 3, 0, 0, 0.00%, 0, 500, 1, 1610.87
1587604610, 2403, 0, 3, 0, 0, 0.00%, 0, 500, 1, 1446.45
1587604615, 2406, 1, 3, 0, 0, 0.00%, 0, 500, 1, 1520.69
1587604620, 2409, 1, 3, 0, 0, 0.00%, 0, 500, 1, 1420.61
1587604625, 2412, 1, 3, 0, 0, 0.00%, 0, 500, 1, 1375.53
1587604630, 2415, 1, 3, 0, 0, 0.00%, 0, 500, 1, 1377.22
1587604635, 2418, 1, 3, 0, 0, 0.00%, 0, 500, 1, 1383.41
1587604640, 2421, 0, 3, 0, 0, 0.00%, 0, 500, 1, 1449.46
1587604646, 2424, 0, 3, 0, 0, 0.00%, 0, 500, 1, 1396.19
1587604651, 2427, 0, 3, 0, 0, 0.00%, 0, 500, 1, 1438.96
1587604656, 2430, 0, 3, 0, 0, 0.00%, 0, 500, 1, 1359.34
1587604661, 2433, 0, 3, 0, 0, 0.00%, 0, 500, 1, 1373.51
1587604666, 2436, 0, 3, 0, 0, 0.00%, 0, 500, 1, 1457.15
1587604671, 2439, 1, 3, 0, 0, 0.00%, 0, 500, 1, 1566.59
1587604676, 2442, 2, 3, 0, 0, 0.00%, 0, 500, 1, 1532.76
1587604681, 2445, 2, 3, 0, 0, 0.00%, 0, 500, 1, 1425.77
1587604686, 2448, 1, 3, 0, 0, 0.00%, 0, 500, 1, 1397.99
1587604691, 2451, 1, 3, 0, 0, 0.00%, 0, 500, 1, 1363.37
1587604697, 2454, 0, 3, 0, 0, 0.00%, 0, 500, 1, 283.63
1587604702, 2457, 1, 3, 0, 0, 0.00%, 0, 500, 1, 1341.48
1587604707, 2460, 2, 3, 0, 0, 0.00%, 0, 500, 1, 1464.84
1587604712, 2463, 2, 3, 0, 0, 0.00%, 0, 500, 1, 1447.23
1587604717, 2467, 0, 3, 0, 0, 0.00%, 0, 500, 1, 1470.50
1587604722, 2470, 0, 3, 0, 0, 0.00%, 0, 500, 1, 1468.08
1587604727, 2473, 0, 3, 0, 0, 0.00%, 0, 500, 1, 1522.89
1587604732, 2476, 2, 3, 0, 0, 0.00%, 0, 500, 1, 1599.08
1587604737, 2479, 2, 3, 0, 0, 0.00%, 0, 500, 1, 1499.87
1587604742, 2482, 2, 3, 0, 0, 0.00%, 0, 500, 1, 1444.86
1587604747, 2486, 0, 3, 0, 0, 0.00%, 0, 500, 1, 1462.98
1587604752, 2489, 0, 3, 0, 0, 0.00%, 0, 500, 1, 1533.40
1587604758, 2492, 2, 3, 0, 0, 0.00%, 0, 500, 1, 1649.68
1587604763, 2496, 0, 3, 0, 0, 0.00%, 0, 500, 1, 1664.31
1587604768, 2499, 0, 3, 0, 0, 0.00%, 0, 500, 1, 1512.69
1587604773, 2502, 1, 3, 0, 0, 0.00%, 0, 500, 1, 1548.38
1587604778, 2506, 0, 3, 0, 0, 0.00%, 0, 500, 1, 1561.62
1587604783, 2509, 0, 3, 0, 0, 0.00%, 0, 500, 1, 1500.69
1587604788, 2512, 1, 3, 0, 0, 0.00%, 0, 500, 1, 1590.10
1587604793, 2516, 0, 3, 0, 0, 0.00%, 0, 500, 1, 1585.63
1587604798, 2518, 2, 3, 0, 0, 0.00%, 0, 500, 1, 1354.49
1587604804, 2522, 1, 3, 0, 0, 0.00%, 0, 500, 1, 1672.58
1587604809, 2525, 1, 3, 0, 0, 0.00%, 0, 500, 1, 1543.44
1587604814, 2528, 2, 3, 0, 0, 0.00%, 0, 500, 1, 1571.18
1587604819, 2532, 0, 3, 0, 0, 0.00%, 0, 500, 1, 1550.11
1587604824, 2535, 1, 3, 0, 0, 0.00%, 0, 500, 1, 1611.26
1587604829, 2538, 2, 3, 0, 0, 0.00%, 0, 500, 1, 1584.09
1587604834, 2542, 0, 3, 0, 0, 0.00%, 0, 500, 1, 1677.41
1587604839, 2545, 2, 3, 0, 0, 0.00%, 0, 500, 1, 1574.25
1587604844, 2549, 1, 3, 0, 0, 0.00%, 0, 500, 1, 1659.55
1587604850, 2552, 2, 3, 0, 0, 0.00%, 0, 500, 1, 1629.17
1587604855, 2556, 0, 3, 0, 0, 0.00%, 0, 500, 1, 1530.91
1587604860, 2559, 0, 3, 0, 0, 0.00%, 0, 500, 1, 1436.84
1587604865, 2562, 0, 3, 0, 0, 0.00%, 0, 500, 1, 1514.69
1587604870, 2565, 2, 3, 0, 0, 0.00%, 0, 500, 1, 1579.24
1587604875, 2569, 0, 3, 0, 0, 0.00%, 0, 500, 1, 1668.01
1587604880, 2572, 1, 3, 0, 0, 0.00%, 0, 500, 1, 1578.57
1587604885, 2575, 2, 3, 0, 0, 0.00%, 0, 500, 1, 1519.12
1587604890, 2579, 0, 3, 0, 0, 0.00%, 0, 500, 1, 1531.70
1587604895, 2582, 0, 3, 0, 0, 0.00%, 0, 500, 1, 1523.42
1587604900, 2585, 0, 3, 0, 0, 0.00%, 0, 500, 1, 1454.30
1587604906, 2588, 0, 3, 0, 0, 0.00%, 0, 500, 1, 1320.03
1587604911, 2591, 0, 3, 0, 0, 0.00%, 0, 500, 1, 1470.29
1587604916, 2594, 1, 3, 0, 0, 0.00%, 0, 500, 1, 1526.74
1587604921, 2597, 2, 3, 0, 0, 0.00%, 0, 500, 1, 1499.56
1587604926, 2601, 0, 3, 0, 0, 0.00%, 0, 500, 1, 1541.39
1587604931, 2604, 1, 3, 0, 0, 0.00%, 0, 500, 1, 1542.89
1587604936, 2607, 0, 3, 0, 0, 0.00%, 0, 500, 1, 1215.14
