# unix_time, cycles_done, cur_path, paths_total, pending_total, pending_favs, map_size, unique_crashes, unique_hangs, max_depth, execs_per_sec
1587618188, 0, 0, 14, 14, 1, 0.03%, 0, 0, 1, 551.72
1587618193, 0, 13, 33, 33, 1, 0.03%, 0, 1, 2, 3415.33
1587618198, 0, 13, 35, 35, 1, 0.03%, 0, 2, 2, 4054.32
1587618203, 1, 30, 37, 30, 0, 0.03%, 0, 3, 3, 2424.20
1587618209, 2, 31, 40, 29, 0, 0.03%, 0, 3, 3, 3093.90
1587618214, 2, 32, 41, 29, 0, 0.03%, 0, 4, 3, 4084.20
1587618219, 2, 34, 41, 27, 0, 0.03%, 0, 4, 3, 2470.55
1587618224, 3, 24, 41, 22, 0, 0.03%, 0, 4, 3, 512.46
1587618229, 3, 31, 41, 20, 0, 0.03%, 0, 4, 3, 3155.48
1587618234, 3, 39, 41, 19, 0, 0.03%, 0, 5, 3, 3707.59
1587618239, 4, 19, 41, 18, 0, 0.03%, 0, 5, 3, 3977.34
1587618244, 4, 37, 41, 16, 0, 0.03%, 0, 5, 3, 251.46
1587618265, 5, 11, 41, 14, 0, 0.03%, 0, 5, 3, 1729.49
1587618270, 5, 35, 41, 11, 0, 0.03%, 0, 5, 3, 4112.93
1587618275, 6, 30, 41, 6, 0, 0.03%, 0, 5, 3, 4074.11
1587618280, 8, 30, 41, 5, 0, 0.03%, 0, 5, 3, 3235.47
1587618285, 11, 30, 41, 3, 0, 0.03%, 0, 5, 3, 2435.00
1587618290, 12, 40, 41, 2, 0, 0.03%, 0, 5, 3, 4300.19
1587618296, 16, 30, 41, 1, 0, 0.03%, 0, 5, 3, 2759.71
1587618301, 19, 22, 41, 1, 0, 0.03%, 0, 5, 3, 3636.02
1587618306, 22, 30, 41, 0, 0, 0.03%, 0, 5, 3, 3750.88
1587618311, 25, 30, 41, 0, 0, 0.03%, 0, 5, 3, 4033.22
1587618316, 28, 30, 41, 0, 0, 0.03%, 0, 5, 3, 4047.76
1587618321, 31, 35, 41, 0, 0, 0.03%, 0, 5, 3, 4008.37
1587618326, 34, 15, 41, 0, 0, 0.03%, 0, 5, 3, 4083.22
1587618331, 36, 30, 41, 0, 0, 0.03%, 0, 5, 3, 401.37
1587618336, 40, 15, 41, 0, 0, 0.03%, 0, 5, 3, 3767.07
1587618342, 44, 21, 41, 0, 0, 0.03%, 0, 5, 3, 3728.80
1587618347, 46, 30, 41, 0, 0, 0.03%, 0, 5, 3, 3695.83
1587618352, 48, 34, 41, 0, 0, 0.03%, 0, 5, 3, 3485.43
1587618357, 51, 30, 41, 0, 0, 0.03%, 0, 5, 3, 4098.09
1587618362, 55, 30, 41, 0, 0, 0.03%, 0, 5, 3, 3779.71
1587618367, 57, 30, 41, 0, 0, 0.03%, 0, 5, 3, 3523.17
1587618372, 60, 30, 41, 0, 0, 0.03%, 0, 5, 3, 4078.08
1587618378, 64, 30, 41, 0, 0, 0.03%, 0, 5, 3, 4150.31
1587618383, 66, 32, 41, 0, 0, 0.03%, 0, 5, 3, 3786.05
1587618388, 70, 30, 41, 0, 0, 0.03%, 0, 5, 3, 452.83
1587618393, 73, 30, 41, 0, 0, 0.03%, 0, 5, 3, 3757.22
1587618398, 77, 2, 41, 0, 0, 0.03%, 0, 5, 3, 3827.63
1587618403, 80, 30, 41, 0, 0, 0.03%, 0, 5, 3, 4203.20
1587618408, 85, 30, 41, 0, 0, 0.03%, 0, 5, 3, 2893.28
1587618413, 89, 15, 41, 0, 0, 0.03%, 0, 5, 3, 2814.21
1587618418, 91, 29, 41, 0, 0, 0.03%, 0, 5, 3, 3652.97
1587618424, 93, 40, 41, 0, 0, 0.03%, 0, 5, 3, 4462.59
1587618429, 97, 26, 41, 0, 0, 0.03%, 0, 5, 3, 3703.92
1587618434, 101, 30, 41, 0, 0, 0.03%, 0, 5, 3, 3913.39
1587618439, 104, 30, 41, 0, 0, 0.03%, 0, 5, 3, 4184.96
1587618444, 109, 19, 41, 0, 0, 0.03%, 0, 5, 3, 4351.55
1587618449, 112, 30, 41, 0, 0, 0.03%, 0, 5, 3, 4414.79
1587618454, 115, 30, 41, 0, 0, 0.03%, 0, 5, 3, 3982.79
1587618459, 120, 30, 41, 0, 0, 0.03%, 0, 5, 3, 4271.96
1587618464, 123, 26, 41, 0, 0, 0.03%, 0, 5, 3, 3236.51
1587618469, 127, 22, 41, 0, 0, 0.03%, 0, 5, 3, 3593.59
1587618474, 130, 1, 41, 0, 0, 0.03%, 0, 5, 3, 4021.25
1587618479, 132, 30, 41, 0, 0, 0.03%, 0, 5, 3, 4053.86
1587618484, 135, 30, 41, 0, 0, 0.03%, 0, 5, 3, 4136.08
1587618490, 138, 30, 41, 0, 0, 0.03%, 0, 5, 3, 4439.96
1587618495, 142, 30, 41, 0, 0, 0.03%, 0, 5, 3, 4002.07
1587618500, 144, 30, 41, 0, 0, 0.03%, 0, 5, 3, 3795.29
1587618505, 146, 1, 41, 0, 0, 0.03%, 0, 5, 3, 3665.29
1587618510, 148, 30, 41, 0, 0, 0.03%, 0, 5, 3, 3747.19
1587618515, 151, 28, 41, 0, 0, 0.03%, 0, 5, 3, 3487.81
1587618520, 154, 28, 41, 0, 0, 0.03%, 0, 5, 3, 3964.28
1587618525, 157, 15, 41, 0, 0, 0.03%, 0, 5, 3, 4420.36
1587618530, 159, 30, 41, 0, 0, 0.03%, 0, 5, 3, 3778.58
1587618535, 163, 23, 41, 0, 0, 0.03%, 0, 5, 3, 3781.56
1587618540, 165, 27, 41, 0, 0, 0.03%, 0, 5, 3, 3663.54
1587618546, 168, 30, 41, 0, 0, 0.03%, 0, 5, 3, 3877.32
1587618551, 170, 30, 41, 0, 0, 0.03%, 0, 5, 3, 4318.18
1587618556, 173, 26, 41, 0, 0, 0.03%, 0, 5, 3, 3478.69
1587618561, 177, 6, 41, 0, 0, 0.03%, 0, 5, 3, 3784.83
1587618566, 178, 19, 41, 0, 0, 0.03%, 0, 5, 3, 3568.19
1587618571, 179, 30, 41, 0, 0, 0.03%, 0, 5, 3, 621.58
1587618576, 180, 17, 41, 0, 0, 0.03%, 0, 5, 3, 740.18
1587618581, 182, 17, 41, 0, 0, 0.03%, 0, 5, 3, 2612.65
1587618586, 186, 30, 41, 0, 0, 0.03%, 0, 5, 3, 3356.65
1587618591, 188, 30, 41, 0, 0, 0.03%, 0, 5, 3, 926.61
1587618597, 190, 37, 41, 0, 0, 0.03%, 0, 5, 3, 696.04
1587618602, 192, 38, 41, 0, 0, 0.03%, 0, 5, 3, 4389.65
1587618607, 194, 34, 41, 0, 0, 0.03%, 0, 5, 3, 4031.12
1587618612, 197, 30, 41, 0, 0, 0.03%, 0, 5, 3, 4029.94
1587618617, 200, 30, 41, 0, 0, 0.03%, 0, 5, 3, 3767.67
1587618623, 204, 23, 41, 0, 0, 0.03%, 0, 5, 3, 4555.15
1587618628, 206, 31, 41, 0, 0, 0.03%, 0, 5, 3, 4176.88
1587618633, 210, 30, 41, 0, 0, 0.03%, 0, 5, 3, 3874.48
1587618638, 213, 38, 41, 0, 0, 0.03%, 0, 5, 3, 4240.27
1587618643, 216, 26, 41, 0, 0, 0.03%, 0, 5, 3, 4386.17
1587618648, 218, 30, 41, 0, 0, 0.03%, 0, 5, 3, 4323.76
1587618653, 222, 32, 41, 0, 0, 0.03%, 0, 5, 3, 4183.24
1587618658, 225, 28, 41, 0, 0, 0.03%, 0, 5, 3, 3944.02
1587618663, 227, 30, 41, 0, 0, 0.03%, 0, 5, 3, 3340.74
1587618669, 231, 30, 41, 0, 0, 0.03%, 0, 5, 3, 3852.13
1587618674, 234, 18, 41, 0, 0, 0.03%, 0, 5, 3, 3831.81
1587618679, 237, 30, 41, 0, 0, 0.03%, 0, 5, 3, 3674.69
1587618684, 242, 24, 41, 0, 0, 0.03%, 0, 5, 3, 4233.09
1587618689, 245, 30, 41, 0, 0, 0.03%, 0, 5, 3, 4150.96
1587618694, 246, 38, 41, 0, 0, 0.03%, 0, 5, 3, 3564.19
1587618699, 250, 30, 41, 0, 0, 0.03%, 0, 5, 3, 3858.55
1587618704, 253, 17, 41, 0, 0, 0.03%, 0, 5, 3, 3530.79
1587618710, 256, 23, 41, 0, 0, 0.03%, 0, 5, 3, 4832.95
1587618715, 259, 30, 41, 0, 0, 0.03%, 0, 5, 3, 4412.70
1587618720, 263, 30, 41, 0, 0, 0.03%, 0, 5, 3, 4166.87
1587618725, 265, 32, 41, 0, 0, 0.03%, 0, 5, 3, 4130.07
1587618730, 268, 12, 41, 0, 0, 0.03%, 0, 5, 3, 3913.04
1587618735, 270, 24, 41, 0, 0, 0.03%, 0, 5, 3, 3857.77
1587618740, 274, 6, 41, 0, 0, 0.03%, 0, 5, 3, 3885.96
1587618745, 276, 19, 41, 0, 0, 0.03%, 0, 5, 3, 4075.48
1587618750, 278, 23, 41, 0, 0, 0.03%, 0, 5, 3, 4116.39
1587618756, 281, 30, 41, 0, 0, 0.03%, 0, 5, 3, 3930.28
1587618761, 283, 30, 41, 0, 0, 0.03%, 0, 5, 3, 2294.46
1587618766, 285, 27, 41, 0, 0, 0.03%, 0, 5, 3, 3264.93
1587618771, 289, 15, 41, 0, 0, 0.03%, 0, 5, 3, 3619.07
1587618776, 291, 30, 41, 0, 0, 0.03%, 0, 5, 3, 4083.70
1587618781, 294, 30, 41, 0, 0, 0.03%, 0, 5, 3, 4088.19
1587618786, 296, 30, 41, 0, 0, 0.03%, 0, 5, 3, 3976.22
1587618791, 299, 30, 41, 0, 0, 0.03%, 0, 5, 3, 4138.62
1587618796, 303, 34, 41, 0, 0, 0.03%, 0, 5, 3, 4250.13
1587618802, 307, 30, 41, 0, 0, 0.03%, 0, 5, 3, 3898.71
1587618807, 309, 40, 41, 0, 0, 0.03%, 0, 5, 3, 3767.87
1587618812, 313, 37, 41, 0, 0, 0.03%, 0, 5, 3, 4082.18
1587618817, 317, 30, 41, 0, 0, 0.03%, 0, 5, 3, 4188.89
1587618822, 320, 36, 41, 0, 0, 0.03%, 0, 5, 3, 3793.06
1587618827, 323, 22, 41, 0, 0, 0.03%, 0, 5, 3, 3990.28
1587618832, 325, 24, 41, 0, 0, 0.03%, 0, 5, 3, 4069.53
1587618838, 327, 28, 41, 0, 0, 0.03%, 0, 5, 3, 3889.05
1587618843, 329, 17, 41, 0, 0, 0.03%, 0, 5, 3, 3425.94
1587618848, 332, 30, 41, 0, 0, 0.03%, 0, 5, 3, 3661.19
1587618853, 335, 28, 41, 0, 0, 0.03%, 0, 5, 3, 4313.08
1587618858, 338, 35, 41, 0, 0, 0.03%, 0, 5, 3, 3751.54
1587618863, 341, 19, 41, 0, 0, 0.03%, 0, 5, 3, 3825.59
1587618868, 344, 23, 41, 0, 0, 0.03%, 0, 5, 3, 4249.11
1587618873, 346, 24, 41, 0, 0, 0.03%, 0, 5, 3, 4038.74
1587618878, 348, 26, 41, 0, 0, 0.03%, 0, 5, 3, 3922.59
1587618883, 351, 23, 41, 0, 0, 0.03%, 0, 5, 3, 3917.74
1587618889, 354, 31, 41, 0, 0, 0.03%, 0, 5, 3, 3354.24
1587618894, 357, 38, 41, 0, 0, 0.03%, 0, 5, 3, 4217.29
1587618899, 360, 30, 41, 0, 0, 0.03%, 0, 5, 3, 4391.45
1587618904, 364, 22, 41, 0, 0, 0.03%, 0, 5, 3, 3908.47
1587618909, 367, 17, 41, 0, 0, 0.03%, 0, 5, 3, 4164.29
1587618914, 368, 30, 41, 0, 0, 0.03%, 0, 5, 3, 4568.47
1587618919, 372, 3, 41, 0, 0, 0.03%, 0, 5, 3, 4031.92
1587618924, 375, 30, 41, 0, 0, 0.03%, 0, 5, 3, 4462.90
1587618930, 379, 36, 41, 0, 0, 0.03%, 0, 5, 3, 4265.88
1587618935, 383, 19, 41, 0, 0, 0.03%, 0, 5, 3, 4506.71
1587618940, 385, 30, 41, 0, 0, 0.03%, 0, 5, 3, 2768.95
1587618945, 388, 30, 41, 0, 0, 0.03%, 0, 5, 3, 3760.09
1587618950, 390, 30, 41, 0, 0, 0.03%, 0, 5, 3, 2778.18
1587618955, 394, 30, 41, 0, 0, 0.03%, 0, 5, 3, 3650.23
1587618960, 398, 30, 41, 0, 0, 0.03%, 0, 5, 3, 3938.02
1587618965, 402, 30, 41, 0, 0, 0.03%, 0, 5, 3, 3889.06
1587618970, 406, 30, 41, 0, 0, 0.03%, 0, 5, 3, 3820.23
1587618975, 410, 30, 41, 0, 0, 0.03%, 0, 5, 3, 3759.52
1587618981, 412, 23, 41, 0, 0, 0.03%, 0, 5, 3, 2113.99
1587618986, 413, 30, 41, 0, 0, 0.03%, 0, 5, 3, 3197.61
1587618991, 415, 30, 41, 0, 0, 0.03%, 0, 5, 3, 3900.74
1587618996, 418, 30, 41, 0, 0, 0.03%, 0, 5, 3, 3915.30
1587619001, 422, 30, 41, 0, 0, 0.03%, 0, 5, 3, 4136.68
1587619006, 426, 30, 41, 0, 0, 0.03%, 0, 5, 3, 4174.00
1587619011, 430, 19, 41, 0, 0, 0.03%, 0, 5, 3, 4055.42
1587619016, 432, 30, 41, 0, 0, 0.03%, 0, 5, 3, 4079.17
1587619021, 435, 34, 41, 0, 0, 0.03%, 0, 5, 3, 4054.94
1587619026, 438, 30, 41, 0, 0, 0.03%, 0, 5, 3, 4313.37
1587619031, 440, 30, 41, 0, 0, 0.03%, 0, 5, 3, 4367.92
1587619036, 444, 14, 41, 0, 0, 0.03%, 0, 5, 3, 3909.84
1587619041, 447, 30, 41, 0, 0, 0.03%, 0, 5, 3, 3742.84
1587619046, 453, 24, 41, 0, 0, 0.03%, 0, 5, 3, 4100.55
1587619052, 456, 28, 41, 0, 0, 0.03%, 0, 5, 3, 3961.30
1587619057, 458, 31, 41, 0, 0, 0.03%, 0, 5, 3, 3972.13
1587619062, 463, 27, 41, 0, 0, 0.03%, 0, 5, 3, 4199.64
1587619067, 465, 30, 41, 0, 0, 0.03%, 0, 5, 3, 3072.03
1587619072, 467, 30, 41, 0, 0, 0.03%, 0, 5, 3, 3754.01
1587619077, 471, 30, 41, 0, 0, 0.03%, 0, 5, 3, 3779.55
1587619082, 476, 10, 41, 0, 0, 0.03%, 0, 5, 3, 4167.50
1587619087, 478, 39, 41, 0, 0, 0.03%, 0, 5, 3, 3581.77
1587619092, 482, 23, 41, 0, 0, 0.03%, 0, 5, 3, 3825.93
1587619097, 484, 30, 41, 0, 0, 0.03%, 0, 5, 3, 3964.58
1587619102, 489, 24, 41, 0, 0, 0.03%, 0, 5, 3, 4110.40
1587619108, 490, 30, 41, 0, 0, 0.03%, 0, 5, 3, 4641.17
1587619113, 494, 30, 41, 0, 0, 0.03%, 0, 5, 3, 3539.53
1587619118, 498, 26, 41, 0, 0, 0.03%, 0, 5, 3, 4059.81
1587619123, 501, 30, 41, 0, 0, 0.03%, 0, 5, 3, 3860.69
1587619128, 505, 19, 41, 0, 0, 0.03%, 0, 5, 3, 4824.82
1587619133, 507, 30, 41, 0, 0, 0.03%, 0, 5, 3, 4191.78
1587619138, 510, 30, 41, 0, 0, 0.03%, 0, 5, 3, 3964.17
1587619143, 513, 30, 41, 0, 0, 0.03%, 0, 5, 3, 3607.19
1587619148, 517, 30, 41, 0, 0, 0.03%, 0, 5, 3, 3638.63
1587619153, 520, 30, 41, 0, 0, 0.03%, 0, 5, 3, 4405.66
1587619158, 523, 9, 41, 0, 0, 0.03%, 0, 5, 3, 3862.39
1587619163, 527, 15, 41, 0, 0, 0.03%, 0, 5, 3, 3382.70
1587619169, 529, 30, 41, 0, 0, 0.03%, 0, 5, 3, 3890.50
1587619174, 532, 30, 41, 0, 0, 0.03%, 0, 5, 3, 4183.91
1587619179, 536, 30, 41, 0, 0, 0.03%, 0, 5, 3, 4395.30
1587619184, 538, 37, 41, 0, 0, 0.03%, 0, 5, 3, 3783.93
1587619189, 540, 30, 41, 0, 0, 0.03%, 0, 5, 3, 425.74
1587619194, 541, 31, 41, 0, 0, 0.03%, 0, 5, 3, 692.73
1587619199, 543, 34, 41, 0, 0, 0.03%, 0, 5, 3, 2663.21
1587619204, 546, 24, 41, 0, 0, 0.03%, 0, 5, 3, 3373.90
1587619210, 548, 30, 41, 0, 0, 0.03%, 0, 5, 3, 4001.69
1587619215, 551, 30, 41, 0, 0, 0.03%, 0, 5, 3, 3920.68
1587619220, 554, 17, 41, 0, 0, 0.03%, 0, 5, 3, 3955.42
1587619225, 556, 37, 41, 0, 0, 0.03%, 0, 5, 3, 3545.20
1587619230, 559, 10, 41, 0, 0, 0.03%, 0, 5, 3, 3351.13
1587619235, 562, 24, 41, 0, 0, 0.03%, 0, 5, 3, 3514.84
1587619240, 564, 30, 41, 0, 0, 0.03%, 0, 5, 3, 4289.04
1587619245, 568, 30, 41, 0, 0, 0.03%, 0, 5, 3, 4153.89
1587619250, 571, 23, 41, 0, 0, 0.03%, 0, 5, 3, 4144.17
1587619255, 573, 38, 41, 0, 0, 0.03%, 0, 5, 3, 698.18
1587619260, 576, 30, 41, 0, 0, 0.03%, 0, 5, 3, 4216.42
1587619266, 579, 14, 41, 0, 0, 0.03%, 0, 5, 3, 3755.28
1587619271, 582, 30, 41, 0, 0, 0.03%, 0, 5, 3, 3739.78
1587619276, 585, 15, 41, 0, 0, 0.03%, 0, 5, 3, 3973.74
1587619281, 589, 17, 41, 0, 0, 0.03%, 0, 5, 3, 4062.83
1587619286, 592, 35, 41, 0, 0, 0.03%, 0, 5, 3, 4528.77
1587619291, 597, 14, 41, 0, 0, 0.03%, 0, 5, 3, 4192.38
1587619296, 599, 30, 41, 0, 0, 0.03%, 0, 5, 3, 3436.75
1587619301, 601, 34, 41, 0, 0, 0.03%, 0, 5, 3, 3836.13
1587619306, 604, 6, 41, 0, 0, 0.03%, 0, 5, 3, 3921.98
1587619311, 605, 30, 41, 0, 0, 0.03%, 0, 5, 3, 299.02
1587619316, 608, 30, 41, 0, 0, 0.03%, 0, 5, 3, 3706.68
1587619322, 612, 16, 41, 0, 0, 0.03%, 0, 5, 3, 3755.81
1587619327, 615, 30, 41, 0, 0, 0.03%, 0, 5, 3, 4220.07
1587619332, 619, 22, 41, 0, 0, 0.03%, 0, 5, 3, 4415.36
1587619337, 620, 34, 41, 0, 0, 0.03%, 0, 5, 3, 4208.05
1587619342, 623, 30, 41, 0, 0, 0.03%, 0, 5, 3, 4455.98
1587619347, 625, 30, 41, 0, 0, 0.03%, 0, 5, 3, 4014.93
1587619352, 627, 35, 41, 0, 0, 0.03%, 0, 5, 3, 4167.59
1587619357, 630, 18, 41, 0, 0, 0.03%, 0, 5, 3, 3929.27
1587619362, 633, 30, 41, 0, 0, 0.03%, 0, 5, 3, 3967.84
1587619368, 636, 28, 41, 0, 0, 0.03%, 0, 5, 3, 3151.56
1587619373, 640, 24, 41, 0, 0, 0.03%, 0, 5, 3, 3691.20
1587619378, 642, 30, 41, 0, 0, 0.03%, 0, 5, 3, 4644.48
1587619383, 646, 30, 41, 0, 0, 0.03%, 0, 5, 3, 4269.00
1587619388, 648, 39, 41, 0, 0, 0.03%, 0, 5, 3, 4113.87
1587619393, 651, 39, 41, 0, 0, 0.03%, 0, 5, 3, 3617.98
1587619398, 655, 30, 41, 0, 0, 0.03%, 0, 5, 3, 3428.09
1587619403, 659, 30, 41, 0, 0, 0.03%, 0, 5, 3, 3824.73
1587619408, 662, 20, 41, 0, 0, 0.03%, 0, 5, 3, 3961.14
1587619413, 665, 30, 41, 0, 0, 0.03%, 0, 5, 3, 3993.12
1587619419, 669, 30, 41, 0, 0, 0.03%, 0, 5, 3, 522.22
1587619424, 672, 31, 41, 0, 0, 0.03%, 0, 5, 3, 4150.63
1587619429, 675, 30, 41, 0, 0, 0.03%, 0, 5, 3, 3653.62
1587619434, 677, 22, 41, 0, 0, 0.03%, 0, 5, 3, 3232.57
1587619439, 679, 30, 41, 0, 0, 0.03%, 0, 5, 3, 3691.82
1587619444, 682, 30, 41, 0, 0, 0.03%, 0, 5, 3, 4091.70
1587619449, 686, 30, 41, 0, 0, 0.03%, 0, 5, 3, 3643.19
1587619454, 689, 35, 41, 0, 0, 0.03%, 0, 5, 3, 3624.51
1587619459, 692, 26, 41, 0, 0, 0.03%, 0, 5, 3, 4543.54
1587619464, 694, 30, 41, 0, 0, 0.03%, 0, 5, 3, 3944.86
1587619469, 698, 30, 41, 0, 0, 0.03%, 0, 5, 3, 3592.14
1587619475, 700, 30, 41, 0, 0, 0.03%, 0, 5, 3, 4464.75
1587619480, 704, 18, 41, 0, 0, 0.03%, 0, 5, 3, 4358.60
1587619485, 707, 15, 41, 0, 0, 0.03%, 0, 5, 3, 514.29
1587619490, 709, 15, 41, 0, 0, 0.03%, 0, 5, 3, 4271.23
1587619495, 712, 30, 41, 0, 0, 0.03%, 0, 5, 3, 4086.90
1587619500, 714, 30, 41, 0, 0, 0.03%, 0, 5, 3, 3929.20
1587619505, 717, 30, 41, 0, 0, 0.03%, 0, 5, 3, 3808.23
1587619510, 721, 30, 41, 0, 0, 0.03%, 0, 5, 3, 2870.73
1587619515, 724, 30, 41, 0, 0, 0.03%, 0, 5, 3, 3541.24
1587619520, 727, 17, 41, 0, 0, 0.03%, 0, 5, 3, 3628.66
1587619525, 729, 30, 41, 0, 0, 0.03%, 0, 5, 3, 3524.97
1587619531, 732, 36, 41, 0, 0, 0.03%, 0, 5, 3, 3574.48
1587619536, 734, 38, 41, 0, 0, 0.03%, 0, 5, 3, 3694.75
1587619541, 737, 30, 41, 0, 0, 0.03%, 0, 5, 3, 3167.74
1587619546, 740, 17, 41, 0, 0, 0.03%, 0, 5, 3, 3795.95
1587619551, 741, 24, 41, 0, 0, 0.03%, 0, 5, 3, 3684.78
1587619556, 743, 39, 41, 0, 0, 0.03%, 0, 5, 3, 244.44
1587619561, 745, 30, 41, 0, 0, 0.03%, 0, 5, 3, 4068.19
1587619566, 748, 5, 41, 0, 0, 0.03%, 0, 5, 3, 4218.64
1587619571, 751, 23, 41, 0, 0, 0.03%, 0, 5, 3, 4470.78
1587619576, 753, 36, 41, 0, 0, 0.03%, 0, 5, 3, 4026.41
1587619582, 757, 38, 41, 0, 0, 0.03%, 0, 5, 3, 3943.78
1587619587, 762, 30, 41, 0, 0, 0.03%, 0, 5, 3, 4171.23
1587619592, 765, 31, 41, 0, 0, 0.03%, 0, 5, 3, 3870.01
1587619597, 768, 30, 41, 0, 0, 0.03%, 0, 5, 3, 3928.58
1587619602, 772, 22, 41, 0, 0, 0.03%, 0, 5, 3, 3692.28
1587619607, 775, 30, 41, 0, 0, 0.03%, 0, 5, 3, 3771.21
1587619612, 778, 30, 41, 0, 0, 0.03%, 0, 5, 3, 3686.72
1587619617, 781, 30, 41, 0, 0, 0.03%, 0, 5, 3, 4109.13
1587619623, 786, 30, 41, 0, 0, 0.03%, 0, 5, 3, 4007.88
1587619628, 791, 14, 41, 0, 0, 0.03%, 0, 5, 3, 4307.51
1587619633, 794, 23, 41, 0, 0, 0.03%, 0, 5, 3, 3743.58
1587619639, 795, 30, 41, 0, 0, 0.03%, 0, 5, 3, 165.79
1587619644, 800, 14, 41, 0, 0, 0.03%, 0, 5, 3, 2033.49
1587619649, 803, 30, 41, 0, 0, 0.03%, 0, 5, 3, 3427.58
1587619654, 806, 30, 41, 0, 0, 0.03%, 0, 5, 3, 3927.33
