# unix_time, cycles_done, cur_path, paths_total, pending_total, pending_favs, map_size, unique_crashes, unique_hangs, max_depth, execs_per_sec
1583632059, 0, 0, 3, 3, 1, 0.01%, 0, 0, 1, 1846.15
1583632064, 0, 0, 5, 5, 1, 0.01%, 0, 2, 2, 15.19
1583632070, 0, 0, 7, 7, 1, 0.01%, 0, 2, 2, 57.51
1583632075, 0, 0, 8, 8, 1, 0.01%, 0, 2, 2, 59.79
1583632208, 0, 6, 8, 7, 1, 0.01%, 0, 2, 2, 49.88
1583632228, 0, 7, 8, 6, 0, 0.01%, 0, 2, 2, 574.77
1583632254, 1, 1, 8, 5, 0, 0.01%, 0, 2, 2, 499.77
1583632279, 1, 2, 8, 4, 0, 0.01%, 0, 2, 2, 47.87
1583632294, 1, 3, 8, 3, 0, 0.01%, 0, 2, 2, 47.73
1583632320, 1, 4, 8, 2, 0, 0.01%, 0, 2, 2, 651.16
1583632346, 1, 5, 8, 1, 0, 0.01%, 0, 2, 2, 48.12
1583632371, 1, 6, 8, 0, 0, 0.01%, 0, 2, 2, 57.23
1583632376, 1, 7, 8, 0, 0, 0.01%, 0, 2, 2, 56.41
1583632382, 2, 0, 8, 0, 0, 0.01%, 0, 2, 2, 58.37
1583632392, 2, 1, 8, 0, 0, 0.01%, 0, 2, 2, 63.24
1583632402, 2, 2, 8, 0, 0, 0.01%, 0, 2, 2, 65.23
1583632413, 2, 3, 8, 0, 0, 0.01%, 0, 2, 2, 54.40
1583632423, 2, 4, 8, 0, 0, 0.01%, 0, 2, 2, 56.89
1583632428, 2, 5, 8, 0, 0, 0.01%, 0, 2, 2, 63.55
1583632444, 2, 6, 8, 0, 0, 0.01%, 0, 2, 2, 53.70
1583632454, 2, 7, 8, 0, 0, 0.01%, 0, 2, 2, 58.82
1583632464, 3, 0, 8, 0, 0, 0.01%, 0, 2, 2, 61.69
1583632475, 3, 1, 8, 0, 0, 0.01%, 0, 2, 2, 62.99
1583632490, 3, 2, 8, 0, 0, 0.01%, 0, 2, 2, 63.58
1583632495, 3, 3, 8, 0, 0, 0.01%, 0, 2, 2, 59.81
1583632506, 3, 4, 8, 0, 0, 0.01%, 0, 2, 2, 56.73
1583632516, 3, 5, 8, 0, 0, 0.01%, 0, 2, 2, 63.74
1583632526, 3, 6, 8, 0, 0, 0.01%, 0, 2, 2, 3.70
1583632541, 3, 7, 8, 0, 0, 0.01%, 0, 2, 2, 56.04
1583632552, 4, 0, 8, 0, 0, 0.01%, 0, 2, 2, 61.99
1583632562, 4, 1, 8, 0, 0, 0.01%, 0, 2, 2, 62.25
1583632577, 4, 2, 8, 0, 0, 0.01%, 0, 2, 2, 63.66
1583632582, 4, 3, 8, 0, 0, 0.01%, 0, 2, 2, 59.45
1583632593, 4, 4, 8, 0, 0, 0.01%, 0, 2, 2, 55.68
1583632603, 4, 5, 8, 0, 0, 0.01%, 0, 2, 2, 60.03
1583632618, 4, 6, 8, 0, 0, 0.01%, 0, 2, 2, 55.00
1583632628, 4, 7, 8, 0, 0, 0.01%, 0, 2, 2, 57.67
1583632644, 5, 0, 8, 0, 0, 0.01%, 0, 2, 2, 57.37
1583632654, 5, 1, 8, 0, 0, 0.01%, 0, 2, 2, 63.30
1583632664, 5, 2, 9, 1, 0, 0.01%, 0, 2, 2, 58.75
1583632674, 5, 3, 9, 1, 0, 0.01%, 0, 2, 2, 55.99
1583632684, 5, 4, 9, 1, 0, 0.01%, 0, 2, 2, 56.63
1583632695, 5, 5, 9, 1, 0, 0.01%, 0, 2, 2, 69.10
1583632705, 5, 6, 9, 1, 0, 0.01%, 0, 2, 2, 55.93
1583632720, 5, 7, 9, 1, 0, 0.01%, 0, 2, 2, 57.63
1583632731, 5, 8, 9, 1, 0, 0.01%, 0, 2, 2, 2157.07
