# unix_time, cycles_done, cur_path, paths_total, pending_total, pending_favs, map_size, unique_crashes, unique_hangs, max_depth, execs_per_sec
1583637709, 0, 0, 1, 1, 0, 0.00%, 0, 0, 1, 1142.86
1583637715, 0, 0, 1, 1, 0, 0.00%, 0, 30, 1, 61.10
1583637721, 0, 0, 1, 1, 0, 0.00%, 0, 65, 1, 12.36
1583637726, 0, 0, 1, 1, 0, 0.00%, 0, 97, 1, 12.40
1583637731, 0, 0, 1, 1, 0, 0.00%, 0, 129, 1, 12.35
1583637737, 0, 0, 1, 1, 0, 0.00%, 0, 161, 1, 12.32
1583637742, 0, 0, 1, 1, 0, 0.00%, 0, 193, 1, 12.32
1583637747, 0, 0, 1, 1, 0, 0.00%, 0, 224, 1, 30.66
1583637752, 0, 0, 1, 1, 0, 0.00%, 0, 256, 1, 18.84
1583637757, 0, 0, 1, 1, 0, 0.00%, 0, 288, 1, 14.64
1583637763, 0, 0, 1, 1, 0, 0.00%, 0, 320, 1, 14.44
1583637768, 0, 0, 1, 1, 0, 0.00%, 0, 352, 1, 15.19
1583637773, 0, 0, 1, 1, 0, 0.00%, 0, 384, 1, 15.22
1583637778, 0, 0, 1, 1, 0, 0.00%, 0, 416, 1, 15.41
1583637784, 0, 0, 1, 1, 0, 0.00%, 0, 448, 1, 14.89
1583637789, 0, 0, 1, 1, 0, 0.00%, 0, 480, 1, 15.14
1583637794, 0, 0, 1, 1, 0, 0.00%, 0, 500, 1, 36.42
1583637804, 1, 0, 1, 0, 0, 0.00%, 0, 500, 1, 65.92
1583637809, 2, 0, 1, 0, 0, 0.00%, 0, 500, 1, 67.45
1583637814, 3, 0, 1, 0, 0, 0.00%, 0, 500, 1, 66.92
1583637819, 5, 0, 1, 0, 0, 0.00%, 0, 500, 1, 66.36
1583637824, 6, 0, 1, 0, 0, 0.00%, 0, 500, 1, 67.55
1583637830, 7, 0, 1, 0, 0, 0.00%, 0, 500, 1, 61.25
1583637835, 9, 0, 1, 0, 0, 0.00%, 0, 500, 1, 63.64
1583637840, 10, 0, 1, 0, 0, 0.00%, 0, 500, 1, 65.73
1583637845, 11, 0, 1, 0, 0, 0.00%, 0, 500, 1, 65.27
1583637850, 12, 0, 1, 0, 0, 0.00%, 0, 500, 1, 64.21
1583637855, 14, 0, 1, 0, 0, 0.00%, 0, 500, 1, 62.72
1583637860, 15, 0, 1, 0, 0, 0.00%, 0, 500, 1, 63.77
1583637865, 16, 0, 1, 0, 0, 0.00%, 0, 500, 1, 63.50
1583637870, 17, 0, 1, 0, 0, 0.00%, 0, 500, 1, 64.26
1583637875, 19, 0, 1, 0, 0, 0.00%, 0, 500, 1, 65.82
1583637880, 20, 0, 1, 0, 0, 0.00%, 0, 500, 1, 65.95
1583637885, 21, 0, 1, 0, 0, 0.00%, 0, 500, 1, 66.11
1583637890, 23, 0, 1, 0, 0, 0.00%, 0, 500, 1, 64.31
1583637895, 24, 0, 1, 0, 0, 0.00%, 0, 500, 1, 62.64
1583637901, 25, 0, 1, 0, 0, 0.00%, 0, 500, 1, 66.04
1583637906, 26, 0, 1, 0, 0, 0.00%, 0, 500, 1, 64.08
1583637911, 28, 0, 1, 0, 0, 0.00%, 0, 500, 1, 64.63
1583637916, 29, 0, 1, 0, 0, 0.00%, 0, 500, 1, 62.66
1583637921, 30, 0, 1, 0, 0, 0.00%, 0, 500, 1, 66.36
1583637926, 31, 0, 1, 0, 0, 0.00%, 0, 500, 1, 64.95
1583637931, 33, 0, 1, 0, 0, 0.00%, 0, 500, 1, 64.13
1583637936, 34, 0, 1, 0, 0, 0.00%, 0, 500, 1, 68.06
1583637941, 35, 0, 1, 0, 0, 0.00%, 0, 500, 1, 65.37
1583637946, 36, 0, 1, 0, 0, 0.00%, 0, 500, 1, 66.32
1583637951, 38, 0, 1, 0, 0, 0.00%, 0, 500, 1, 66.79
1583637956, 39, 0, 1, 0, 0, 0.00%, 0, 500, 1, 65.25
1583637961, 40, 0, 1, 0, 0, 0.00%, 0, 500, 1, 61.91
1583637966, 42, 0, 1, 0, 0, 0.00%, 0, 500, 1, 63.75
1583637971, 43, 0, 1, 0, 0, 0.00%, 0, 500, 1, 65.84
1583637977, 44, 0, 1, 0, 0, 0.00%, 0, 500, 1, 66.90
1583637982, 46, 0, 1, 0, 0, 0.00%, 0, 500, 1, 66.91
1583637987, 47, 0, 1, 0, 0, 0.00%, 0, 500, 1, 63.41
1583637992, 48, 0, 1, 0, 0, 0.00%, 0, 500, 1, 66.53
1583637997, 49, 0, 1, 0, 0, 0.00%, 0, 500, 1, 67.52
1583638002, 51, 0, 1, 0, 0, 0.00%, 0, 500, 1, 63.07
1583638007, 52, 0, 1, 0, 0, 0.00%, 0, 500, 1, 62.45
1583638012, 53, 0, 1, 0, 0, 0.00%, 0, 500, 1, 58.45
1583638017, 54, 0, 1, 0, 0, 0.00%, 0, 500, 1, 62.86
1583638022, 56, 0, 1, 0, 0, 0.00%, 0, 500, 1, 66.34
1583638027, 57, 0, 1, 0, 0, 0.00%, 0, 500, 1, 59.94
1583638032, 58, 0, 1, 0, 0, 0.00%, 0, 500, 1, 63.97
1583638037, 59, 0, 1, 0, 0, 0.00%, 0, 500, 1, 61.39
1583638042, 61, 0, 1, 0, 0, 0.00%, 0, 500, 1, 64.96
1583638047, 62, 0, 1, 0, 0, 0.00%, 0, 500, 1, 65.19
1583638052, 63, 0, 1, 0, 0, 0.00%, 0, 500, 1, 63.82
1583638058, 64, 0, 1, 0, 0, 0.00%, 0, 500, 1, 65.93
1583638063, 66, 0, 1, 0, 0, 0.00%, 0, 500, 1, 64.50
1583638068, 67, 0, 1, 0, 0, 0.00%, 0, 500, 1, 63.42
1583638073, 68, 0, 1, 0, 0, 0.00%, 0, 500, 1, 68.04
1583638078, 70, 0, 1, 0, 0, 0.00%, 0, 500, 1, 65.87
1583638083, 71, 0, 1, 0, 0, 0.00%, 0, 500, 1, 67.55
1583638088, 72, 0, 1, 0, 0, 0.00%, 0, 500, 1, 65.23
1583638093, 73, 0, 1, 0, 0, 0.00%, 0, 500, 1, 63.66
1583638098, 75, 0, 1, 0, 0, 0.00%, 0, 500, 1, 66.24
1583638103, 76, 0, 1, 0, 0, 0.00%, 0, 500, 1, 66.40
1583638108, 77, 0, 1, 0, 0, 0.00%, 0, 500, 1, 66.63
1583638113, 79, 0, 1, 0, 0, 0.00%, 0, 500, 1, 64.31
1583638119, 80, 0, 1, 0, 0, 0.00%, 0, 500, 1, 64.64
1583638124, 81, 0, 1, 0, 0, 0.00%, 0, 500, 1, 66.54
1583638129, 83, 0, 1, 0, 0, 0.00%, 0, 500, 1, 67.77
1583638134, 84, 0, 1, 0, 0, 0.00%, 0, 500, 1, 66.34
1583638139, 85, 0, 1, 0, 0, 0.00%, 0, 500, 1, 62.50
1583638144, 86, 0, 1, 0, 0, 0.00%, 0, 500, 1, 64.83
1583638149, 88, 0, 1, 0, 0, 0.00%, 0, 500, 1, 62.55
1583638154, 89, 0, 1, 0, 0, 0.00%, 0, 500, 1, 62.49
1583638159, 90, 0, 1, 0, 0, 0.00%, 0, 500, 1, 62.75
1583638164, 91, 0, 1, 0, 0, 0.00%, 0, 500, 1, 65.95
1583638169, 93, 0, 1, 0, 0, 0.00%, 0, 500, 1, 65.59
1583638174, 94, 0, 1, 0, 0, 0.00%, 0, 500, 1, 64.46
1583638179, 95, 0, 1, 0, 0, 0.00%, 0, 500, 1, 67.76
1583638184, 97, 0, 1, 0, 0, 0.00%, 0, 500, 1, 65.95
1583638189, 98, 0, 1, 0, 0, 0.00%, 0, 500, 1, 67.31
1583638195, 99, 0, 1, 0, 0, 0.00%, 0, 500, 1, 67.98
1583638200, 101, 0, 1, 0, 0, 0.00%, 0, 500, 1, 64.15
1583638205, 102, 0, 1, 0, 0, 0.00%, 0, 500, 1, 64.48
1583638210, 103, 0, 1, 0, 0, 0.00%, 0, 500, 1, 67.38
1583638215, 105, 0, 1, 0, 0, 0.00%, 0, 500, 1, 66.46
1583638220, 106, 0, 1, 0, 0, 0.00%, 0, 500, 1, 65.57
1583638225, 107, 0, 1, 0, 0, 0.00%, 0, 500, 1, 65.68
1583638230, 108, 0, 1, 0, 0, 0.00%, 0, 500, 1, 63.20
1583638235, 110, 0, 1, 0, 0, 0.00%, 0, 500, 1, 65.21
1583638240, 111, 0, 1, 0, 0, 0.00%, 0, 500, 1, 66.40
1583638245, 112, 0, 1, 0, 0, 0.00%, 0, 500, 1, 64.32
1583638250, 114, 0, 1, 0, 0, 0.00%, 0, 500, 1, 68.61
1583638255, 115, 0, 1, 0, 0, 0.00%, 0, 500, 1, 62.59
1583638260, 116, 0, 1, 0, 0, 0.00%, 0, 500, 1, 65.58
1583638266, 117, 0, 1, 0, 0, 0.00%, 0, 500, 1, 65.08
1583638271, 119, 0, 1, 0, 0, 0.00%, 0, 500, 1, 64.88
1583638276, 120, 0, 1, 0, 0, 0.00%, 0, 500, 1, 67.05
1583638281, 121, 0, 1, 0, 0, 0.00%, 0, 500, 1, 63.18
1583638286, 123, 0, 1, 0, 0, 0.00%, 0, 500, 1, 64.67
1583638291, 124, 0, 1, 0, 0, 0.00%, 0, 500, 1, 66.15
1583638296, 125, 0, 1, 0, 0, 0.00%, 0, 500, 1, 66.39
1583638301, 126, 0, 1, 0, 0, 0.00%, 0, 500, 1, 64.97
1583638306, 128, 0, 1, 0, 0, 0.00%, 0, 500, 1, 65.50
1583638311, 129, 0, 1, 0, 0, 0.00%, 0, 500, 1, 67.22
1583638316, 130, 0, 1, 0, 0, 0.00%, 0, 500, 1, 65.22
1583638321, 132, 0, 1, 0, 0, 0.00%, 0, 500, 1, 66.89
1583638326, 133, 0, 1, 0, 0, 0.00%, 0, 500, 1, 64.00
1583638331, 134, 0, 1, 0, 0, 0.00%, 0, 500, 1, 61.43
1583638337, 135, 0, 1, 0, 0, 0.00%, 0, 500, 1, 66.61
1583638342, 137, 0, 1, 0, 0, 0.00%, 0, 500, 1, 68.74
1583638347, 138, 0, 1, 0, 0, 0.00%, 0, 500, 1, 68.54
1583638352, 139, 0, 1, 0, 0, 0.00%, 0, 500, 1, 65.79
1583638357, 141, 0, 1, 0, 0, 0.00%, 0, 500, 1, 65.82
1583638362, 142, 0, 1, 0, 0, 0.00%, 0, 500, 1, 66.75
1583638367, 143, 0, 1, 0, 0, 0.00%, 0, 500, 1, 68.08
1583638372, 145, 0, 1, 0, 0, 0.00%, 0, 500, 1, 66.39
1583638377, 146, 0, 1, 0, 0, 0.00%, 0, 500, 1, 67.55
