# unix_time, cycles_done, cur_path, paths_total, pending_total, pending_favs, map_size, unique_crashes, unique_hangs, max_depth, execs_per_sec
1581973296, 0, 0, 1, 1, 0, 0.00%, 0, 0, 1, 7.59
1581973337, 0, 0, 1, 1, 0, 0.00%, 0, 1, 1, 8.78
1581973342, 0, 0, 1, 1, 0, 0.00%, 0, 6, 1, 7.55
1581973348, 0, 0, 1, 1, 0, 0.00%, 0, 11, 1, 7.87
1581973353, 0, 0, 1, 1, 0, 0.00%, 0, 16, 1, 7.05
1581973358, 0, 0, 1, 1, 0, 0.00%, 0, 18, 1, 11.84
1581973409, 0, 0, 1, 1, 0, 0.00%, 0, 20, 1, 7.34
1581973415, 0, 0, 1, 1, 0, 0.00%, 0, 23, 1, 7.29
1581973420, 0, 0, 1, 1, 0, 0.00%, 0, 26, 1, 7.41
1581973425, 0, 0, 1, 1, 0, 0.00%, 0, 30, 1, 6.64
1581973430, 0, 0, 1, 1, 0, 0.00%, 0, 31, 1, 9.15
1581973820, 0, 0, 1, 1, 0, 0.00%, 0, 33, 1, 8.23
1581973830, 0, 0, 1, 1, 0, 0.00%, 0, 35, 1, 8.05
1581973835, 0, 0, 1, 1, 0, 0.00%, 0, 36, 1, 8.66
1581973845, 0, 0, 1, 1, 0, 0.00%, 0, 38, 1, 7.99
1581973850, 0, 0, 1, 1, 0, 0.00%, 0, 39, 1, 8.75
1581973860, 0, 0, 1, 1, 0, 0.00%, 0, 41, 1, 8.16
1581973865, 0, 0, 1, 1, 0, 0.00%, 0, 42, 1, 8.31
1581973876, 0, 0, 1, 1, 0, 0.00%, 0, 44, 1, 8.17
1581973881, 0, 0, 1, 1, 0, 0.00%, 0, 45, 1, 8.61
1581973886, 0, 0, 1, 1, 0, 0.00%, 0, 46, 1, 8.07
