# unix_time, cycles_done, cur_path, paths_total, pending_total, pending_favs, map_size, unique_crashes, unique_hangs, max_depth, execs_per_sec
1587595313, 0, 0, 3, 3, 2, 0.03%, 0, 0, 1, 272.73
1587595318, 0, 5, 18, 17, 3, 0.03%, 0, 2, 3, 2485.40
1587595328, 1, 5, 21, 16, 0, 0.03%, 0, 3, 5, 1412.52
1587595333, 1, 13, 28, 21, 0, 0.03%, 0, 3, 5, 3359.34
1587595338, 1, 24, 29, 21, 1, 0.03%, 0, 4, 5, 3739.62
1587595343, 2, 21, 29, 16, 0, 0.03%, 0, 4, 5, 3854.81
1587595349, 4, 7, 29, 11, 0, 0.03%, 0, 4, 5, 3554.08
1587595354, 4, 27, 29, 8, 0, 0.03%, 0, 4, 5, 3623.94
1587595359, 7, 5, 29, 5, 0, 0.03%, 0, 4, 5, 3659.11
1587595364, 8, 25, 29, 3, 0, 0.03%, 0, 4, 5, 2475.40
1587595369, 9, 28, 29, 2, 0, 0.03%, 0, 4, 5, 3481.13
1587595374, 13, 25, 29, 0, 0, 0.03%, 0, 4, 5, 3553.36
1587595379, 16, 25, 29, 0, 0, 0.03%, 0, 4, 5, 3747.46
1587595384, 21, 25, 29, 0, 0, 0.03%, 0, 4, 5, 3693.69
1587595389, 27, 19, 29, 0, 0, 0.03%, 0, 4, 5, 3774.63
1587595394, 31, 25, 29, 0, 0, 0.03%, 0, 4, 5, 3243.23
1587595399, 34, 27, 29, 0, 0, 0.03%, 0, 4, 5, 2836.89
1587595404, 38, 25, 30, 1, 0, 0.03%, 0, 4, 5, 2904.23
1587595409, 39, 29, 30, 1, 0, 0.03%, 0, 4, 5, 2747.68
1587595420, 43, 17, 30, 0, 0, 0.03%, 0, 4, 5, 3281.22
1587595425, 47, 17, 30, 0, 0, 0.03%, 0, 4, 5, 3448.35
1587595430, 49, 25, 30, 0, 0, 0.03%, 0, 4, 5, 3615.15
1587595435, 50, 9, 30, 0, 0, 0.03%, 0, 4, 5, 3637.83
1587595440, 54, 17, 30, 0, 0, 0.03%, 0, 4, 5, 3658.92
1587595445, 58, 17, 30, 0, 0, 0.03%, 0, 4, 5, 3403.01
1587595450, 60, 29, 30, 0, 0, 0.03%, 0, 4, 5, 3606.68
1587595455, 64, 17, 30, 0, 0, 0.03%, 0, 4, 5, 3605.17
1587595460, 67, 25, 30, 0, 0, 0.03%, 0, 4, 5, 3629.69
1587595465, 71, 25, 30, 0, 0, 0.03%, 0, 4, 5, 3565.03
1587595470, 73, 29, 30, 0, 0, 0.03%, 0, 4, 5, 3597.35
1587595475, 75, 29, 30, 0, 0, 0.03%, 0, 4, 5, 3577.29
1587595480, 79, 19, 30, 0, 0, 0.03%, 0, 4, 5, 3545.23
1587595486, 81, 7, 30, 0, 0, 0.03%, 0, 4, 5, 3728.01
1587595491, 87, 17, 30, 0, 0, 0.03%, 0, 4, 5, 3720.37
1587595496, 90, 25, 30, 0, 0, 0.03%, 0, 4, 5, 3739.58
1587595501, 94, 24, 30, 0, 0, 0.03%, 0, 4, 5, 3613.25
1587595506, 98, 17, 30, 0, 0, 0.03%, 0, 4, 5, 3622.36
1587595511, 102, 16, 30, 0, 0, 0.03%, 0, 4, 5, 3608.78
1587595516, 103, 29, 30, 0, 0, 0.03%, 0, 4, 5, 3512.67
1587595521, 107, 25, 30, 0, 0, 0.03%, 0, 4, 5, 3491.89
1587595526, 113, 17, 30, 0, 0, 0.03%, 0, 4, 5, 3656.41
1587595531, 118, 16, 30, 0, 0, 0.03%, 0, 4, 5, 3578.03
1587595537, 123, 25, 30, 0, 0, 0.03%, 0, 4, 5, 3587.15
1587595542, 127, 17, 30, 0, 0, 0.03%, 0, 4, 5, 3515.56
1587595547, 130, 25, 30, 0, 0, 0.03%, 0, 4, 5, 3602.68
1587595552, 134, 25, 30, 0, 0, 0.03%, 0, 4, 5, 3617.05
1587595557, 135, 25, 30, 0, 0, 0.03%, 0, 4, 5, 3671.24
1587595562, 140, 15, 30, 0, 0, 0.03%, 0, 4, 5, 3688.97
1587595567, 142, 29, 30, 0, 0, 0.03%, 0, 4, 5, 3622.13
1587595572, 145, 25, 30, 0, 0, 0.03%, 0, 4, 5, 3618.56
1587595577, 151, 17, 30, 0, 0, 0.03%, 0, 4, 5, 3663.04
1587595582, 155, 17, 30, 0, 0, 0.03%, 0, 4, 5, 3733.00
1587595587, 157, 25, 30, 0, 0, 0.03%, 0, 4, 5, 3717.88
1587595592, 160, 29, 30, 0, 0, 0.03%, 0, 4, 5, 3662.73
1587595597, 164, 9, 30, 0, 0, 0.03%, 0, 4, 5, 3615.84
1587595603, 168, 17, 30, 0, 0, 0.03%, 0, 4, 5, 3629.41
1587595608, 172, 25, 30, 0, 0, 0.03%, 0, 4, 5, 3597.56
1587595613, 177, 23, 30, 0, 0, 0.03%, 0, 4, 5, 3719.38
1587595618, 182, 25, 30, 0, 0, 0.03%, 0, 4, 5, 3681.52
1587595623, 187, 17, 30, 0, 0, 0.03%, 0, 4, 5, 3610.88
1587595628, 190, 25, 30, 0, 0, 0.03%, 0, 4, 5, 3647.17
1587595633, 195, 25, 30, 0, 0, 0.03%, 0, 4, 5, 3610.46
1587595638, 200, 19, 30, 0, 0, 0.03%, 0, 4, 5, 3590.14
1587595643, 204, 24, 30, 0, 0, 0.03%, 0, 4, 5, 3590.02
1587595648, 207, 21, 30, 0, 0, 0.03%, 0, 4, 5, 3642.88
1587595653, 211, 23, 30, 0, 0, 0.03%, 0, 4, 5, 3713.69
1587595658, 215, 29, 30, 0, 0, 0.03%, 0, 4, 5, 3604.70
1587595664, 220, 17, 30, 0, 0, 0.03%, 0, 4, 5, 3627.65
1587595669, 224, 17, 30, 0, 0, 0.03%, 0, 4, 5, 3511.11
1587595674, 229, 25, 30, 0, 0, 0.03%, 0, 4, 5, 3618.98
1587595679, 232, 25, 30, 0, 0, 0.03%, 0, 4, 5, 3523.55
1587595684, 238, 17, 30, 0, 0, 0.03%, 0, 4, 5, 3549.77
1587595689, 240, 25, 30, 0, 0, 0.03%, 0, 4, 5, 3515.31
1587595694, 243, 29, 30, 0, 0, 0.03%, 0, 4, 5, 607.27
1587595699, 244, 25, 30, 0, 0, 0.03%, 0, 4, 5, 1142.15
1587595704, 247, 17, 30, 0, 0, 0.03%, 0, 4, 5, 2669.08
1587595709, 252, 19, 30, 0, 0, 0.03%, 0, 4, 5, 3694.96
1587595714, 257, 25, 30, 0, 0, 0.03%, 0, 4, 5, 3924.71
1587595719, 262, 17, 30, 0, 0, 0.03%, 0, 4, 5, 3990.66
1587595725, 267, 25, 30, 0, 0, 0.03%, 0, 4, 5, 3941.62
1587595730, 272, 17, 30, 0, 0, 0.03%, 0, 4, 5, 3897.18
1587595735, 276, 27, 30, 0, 0, 0.03%, 0, 4, 5, 3932.17
1587595740, 281, 25, 30, 0, 0, 0.03%, 0, 4, 5, 3859.54
1587595745, 285, 21, 30, 0, 0, 0.03%, 0, 4, 5, 3825.57
1587595750, 289, 25, 30, 0, 0, 0.03%, 0, 4, 5, 3737.61
1587595755, 293, 28, 30, 0, 0, 0.03%, 0, 4, 5, 3793.11
1587595760, 296, 29, 30, 0, 0, 0.03%, 0, 4, 5, 3990.98
1587595765, 300, 26, 30, 0, 0, 0.03%, 0, 4, 5, 4070.30
1587595770, 306, 0, 30, 0, 0, 0.03%, 0, 4, 5, 4023.28
1587595775, 310, 13, 30, 0, 0, 0.03%, 0, 4, 5, 3960.10
1587595780, 315, 21, 30, 0, 0, 0.03%, 0, 4, 5, 4013.99
1587595785, 320, 25, 30, 0, 0, 0.03%, 0, 4, 5, 3968.98
1587595790, 325, 25, 30, 0, 0, 0.03%, 0, 4, 5, 4091.70
1587595796, 330, 25, 30, 0, 0, 0.03%, 0, 4, 5, 4061.71
1587595801, 337, 25, 30, 0, 0, 0.03%, 0, 4, 5, 4164.71
1587595806, 342, 17, 30, 0, 0, 0.03%, 0, 4, 5, 4191.74
1587595811, 347, 22, 30, 0, 0, 0.03%, 0, 4, 5, 4197.01
1587595816, 351, 28, 30, 0, 0, 0.03%, 0, 4, 5, 4054.80
1587595821, 356, 25, 30, 0, 0, 0.03%, 0, 4, 5, 3849.52
1587595826, 361, 22, 30, 0, 0, 0.03%, 0, 4, 5, 3576.37
1587595831, 365, 15, 30, 0, 0, 0.03%, 0, 4, 5, 3669.35
1587595836, 368, 17, 30, 0, 0, 0.03%, 0, 4, 5, 3327.56
1587595842, 370, 25, 30, 0, 0, 0.03%, 0, 4, 5, 3118.45
1587595847, 373, 7, 30, 0, 0, 0.03%, 0, 4, 5, 2705.37
1587595852, 375, 17, 30, 0, 0, 0.03%, 0, 4, 5, 2820.13
1587595857, 379, 26, 30, 0, 0, 0.03%, 0, 4, 5, 3526.34
1587595862, 382, 25, 30, 0, 0, 0.03%, 0, 4, 5, 3617.48
1587595867, 386, 13, 30, 0, 0, 0.03%, 0, 4, 5, 3140.31
1587595872, 390, 25, 30, 0, 0, 0.03%, 0, 4, 5, 3579.30
1587595877, 394, 28, 30, 0, 0, 0.03%, 0, 4, 5, 3760.44
1587595882, 398, 17, 30, 0, 0, 0.03%, 0, 4, 5, 3782.69
1587595887, 402, 24, 30, 0, 0, 0.03%, 0, 4, 5, 3781.20
1587595892, 407, 8, 30, 0, 0, 0.03%, 0, 4, 5, 3747.19
1587595897, 411, 10, 30, 0, 0, 0.03%, 0, 4, 5, 3591.71
1587595902, 414, 27, 30, 0, 0, 0.03%, 0, 4, 5, 3678.73
1587595908, 419, 25, 30, 0, 0, 0.03%, 0, 4, 5, 3765.05
1587595913, 423, 17, 30, 0, 0, 0.03%, 0, 4, 5, 3707.96
1587595918, 428, 25, 30, 0, 0, 0.03%, 0, 4, 5, 3697.02
1587595923, 433, 25, 30, 0, 0, 0.03%, 0, 4, 5, 3635.07
1587595928, 439, 10, 30, 0, 0, 0.03%, 0, 4, 5, 3858.30
1587595933, 443, 25, 30, 0, 0, 0.03%, 0, 4, 5, 3767.38
1587595938, 447, 28, 30, 0, 0, 0.03%, 0, 4, 5, 3787.65
1587595943, 451, 17, 30, 0, 0, 0.03%, 0, 4, 5, 3842.17
1587595949, 456, 17, 30, 0, 0, 0.03%, 0, 4, 5, 3819.16
1587595954, 458, 25, 30, 0, 0, 0.03%, 0, 4, 5, 3749.48
1587595959, 461, 25, 30, 0, 0, 0.03%, 0, 4, 5, 3490.00
1587595964, 465, 23, 30, 0, 0, 0.03%, 0, 4, 5, 3721.51
1587595969, 469, 25, 30, 0, 0, 0.03%, 0, 4, 5, 3694.09
1587595974, 474, 13, 30, 0, 0, 0.03%, 0, 4, 5, 3664.93
1587595979, 479, 12, 30, 0, 0, 0.03%, 0, 4, 5, 3834.02
1587595984, 482, 22, 30, 0, 0, 0.03%, 0, 4, 5, 3790.93
1587595989, 486, 17, 30, 0, 0, 0.03%, 0, 4, 5, 3734.35
1587595994, 490, 17, 30, 0, 0, 0.03%, 0, 4, 5, 3737.44
1587595999, 494, 17, 30, 0, 0, 0.03%, 0, 4, 5, 3800.81
1587596004, 499, 17, 30, 0, 0, 0.03%, 0, 4, 5, 3792.72
1587596009, 503, 25, 30, 0, 0, 0.03%, 0, 4, 5, 3868.26
1587596014, 507, 17, 30, 0, 0, 0.03%, 0, 4, 5, 3716.90
1587596019, 512, 25, 30, 0, 0, 0.03%, 0, 4, 5, 3950.54
1587596025, 516, 25, 30, 0, 0, 0.03%, 0, 4, 5, 3815.55
1587596030, 521, 16, 30, 0, 0, 0.03%, 0, 4, 5, 3743.72
1587596035, 525, 3, 30, 0, 0, 0.03%, 0, 4, 5, 3720.07
1587596040, 529, 18, 30, 0, 0, 0.03%, 0, 4, 5, 3754.27
1587596045, 533, 25, 30, 0, 0, 0.03%, 0, 4, 5, 3785.74
1587596050, 538, 17, 30, 0, 0, 0.03%, 0, 4, 5, 3801.69
1587596055, 541, 5, 30, 0, 0, 0.03%, 0, 4, 5, 3759.05
1587596060, 545, 29, 30, 0, 0, 0.03%, 0, 4, 5, 3792.42
1587596065, 550, 6, 30, 0, 0, 0.03%, 0, 4, 5, 3786.85
1587596070, 553, 25, 30, 0, 0, 0.03%, 0, 4, 5, 3799.03
1587596075, 556, 25, 30, 0, 0, 0.03%, 0, 4, 5, 3713.28
1587596080, 559, 13, 30, 0, 0, 0.03%, 0, 4, 5, 3831.65
1587596085, 562, 25, 30, 0, 0, 0.03%, 0, 4, 5, 3811.70
1587596090, 567, 7, 30, 0, 0, 0.03%, 0, 4, 5, 3844.52
1587596096, 571, 25, 30, 0, 0, 0.03%, 0, 4, 5, 3725.93
1587596101, 576, 23, 30, 0, 0, 0.03%, 0, 4, 5, 3634.10
1587596106, 580, 25, 30, 0, 0, 0.03%, 0, 4, 5, 3825.49
1587596111, 585, 25, 30, 0, 0, 0.03%, 0, 4, 5, 3819.04
1587596116, 590, 8, 30, 0, 0, 0.03%, 0, 4, 5, 3825.54
1587596121, 596, 14, 30, 0, 0, 0.03%, 0, 4, 5, 396.65
1587596126, 596, 25, 30, 0, 0, 0.03%, 0, 4, 5, 491.03
1587596131, 599, 24, 30, 0, 0, 0.03%, 0, 4, 5, 2206.21
1587596136, 603, 25, 30, 0, 0, 0.03%, 0, 4, 5, 3288.74
1587596141, 606, 29, 30, 0, 0, 0.03%, 0, 4, 5, 3511.92
1587596146, 610, 17, 30, 0, 0, 0.03%, 0, 4, 5, 3792.65
1587596151, 613, 21, 30, 0, 0, 0.03%, 0, 4, 5, 3843.98
1587596156, 619, 20, 30, 0, 0, 0.03%, 0, 4, 5, 3746.62
1587596162, 623, 25, 30, 0, 0, 0.03%, 0, 4, 5, 3785.43
1587596167, 628, 25, 30, 0, 0, 0.03%, 0, 4, 5, 3687.46
1587596172, 633, 17, 30, 0, 0, 0.03%, 0, 4, 5, 3641.03
1587596177, 638, 15, 30, 0, 0, 0.03%, 0, 4, 5, 3862.80
1587596182, 641, 25, 30, 0, 0, 0.03%, 0, 4, 5, 3787.45
1587596187, 645, 17, 30, 0, 0, 0.03%, 0, 4, 5, 3688.42
1587596192, 649, 25, 30, 0, 0, 0.03%, 0, 4, 5, 3891.99
1587596197, 654, 25, 30, 0, 0, 0.03%, 0, 4, 5, 3980.86
1587596202, 658, 25, 30, 0, 0, 0.03%, 0, 4, 5, 3915.74
1587596207, 663, 25, 30, 0, 0, 0.03%, 0, 4, 5, 3906.13
1587596212, 668, 13, 30, 0, 0, 0.03%, 0, 4, 5, 3725.35
1587596217, 673, 21, 30, 0, 0, 0.03%, 0, 4, 5, 3967.85
1587596223, 677, 25, 30, 0, 0, 0.03%, 0, 4, 5, 3906.76
1587596228, 680, 25, 30, 0, 0, 0.03%, 0, 4, 5, 3786.87
1587596233, 684, 4, 30, 0, 0, 0.03%, 0, 4, 5, 3600.28
1587596238, 687, 20, 30, 0, 0, 0.03%, 0, 4, 5, 3561.12
1587596243, 692, 25, 30, 0, 0, 0.03%, 0, 4, 5, 3741.63
1587596248, 696, 25, 30, 0, 0, 0.03%, 0, 4, 5, 3588.26
1587596253, 700, 25, 30, 0, 0, 0.03%, 0, 4, 5, 3578.72
1587596258, 704, 25, 30, 0, 0, 0.03%, 0, 4, 5, 3544.24
1587596263, 708, 27, 30, 0, 0, 0.03%, 0, 4, 5, 3650.70
1587596268, 713, 25, 30, 0, 0, 0.03%, 0, 4, 5, 3804.24
1587596273, 719, 4, 30, 0, 0, 0.03%, 0, 4, 5, 3879.24
1587596278, 723, 12, 30, 0, 0, 0.03%, 0, 4, 5, 3752.45
1587596284, 727, 18, 30, 0, 0, 0.03%, 0, 4, 5, 3787.66
1587596289, 731, 25, 30, 0, 0, 0.03%, 0, 4, 5, 3865.95
1587596294, 737, 7, 30, 0, 0, 0.03%, 0, 4, 5, 3737.58
1587596299, 740, 25, 30, 0, 0, 0.03%, 0, 4, 5, 3859.50
1587596304, 745, 0, 30, 0, 0, 0.03%, 0, 4, 5, 3997.46
1587596309, 748, 25, 30, 0, 0, 0.03%, 0, 4, 5, 4079.91
1587596314, 753, 25, 30, 0, 0, 0.03%, 0, 4, 5, 4044.63
1587596319, 759, 14, 30, 0, 0, 0.03%, 0, 4, 5, 3946.47
1587596324, 762, 4, 30, 0, 0, 0.03%, 0, 4, 5, 3810.06
1587596329, 765, 28, 30, 0, 0, 0.03%, 0, 4, 5, 3796.17
1587596334, 769, 25, 30, 0, 0, 0.03%, 0, 4, 5, 3793.86
1587596339, 774, 28, 30, 0, 0, 0.03%, 0, 4, 5, 3966.31
1587596345, 779, 14, 30, 0, 0, 0.03%, 0, 4, 5, 4026.82
1587596350, 783, 25, 30, 0, 0, 0.03%, 0, 4, 5, 3990.76
1587596355, 786, 25, 30, 0, 0, 0.03%, 0, 4, 5, 3827.76
1587596360, 791, 9, 30, 0, 0, 0.03%, 0, 4, 5, 3834.21
1587596365, 795, 17, 30, 0, 0, 0.03%, 0, 4, 5, 3919.36
1587596370, 799, 6, 30, 0, 0, 0.03%, 0, 4, 5, 3941.58
1587596375, 803, 29, 30, 0, 0, 0.03%, 0, 4, 5, 3880.48
1587596380, 807, 6, 30, 0, 0, 0.03%, 0, 4, 5, 3933.47
1587596385, 810, 7, 30, 0, 0, 0.03%, 0, 4, 5, 3915.53
1587596390, 814, 17, 30, 0, 0, 0.03%, 0, 4, 5, 3770.72
1587596395, 820, 25, 30, 0, 0, 0.03%, 0, 4, 5, 3925.71
1587596400, 826, 18, 30, 0, 0, 0.03%, 0, 4, 5, 4051.85
1587596405, 829, 25, 30, 0, 0, 0.03%, 0, 4, 5, 3886.17
1587596410, 834, 10, 30, 0, 0, 0.03%, 0, 4, 5, 3776.59
1587596415, 838, 17, 30, 0, 0, 0.03%, 0, 4, 5, 3880.62
1587596420, 843, 17, 30, 0, 0, 0.03%, 0, 4, 5, 3924.04
1587596426, 848, 18, 30, 0, 0, 0.03%, 0, 4, 5, 3962.02
1587596431, 853, 4, 30, 0, 0, 0.03%, 0, 4, 5, 4035.18
1587596436, 855, 29, 30, 0, 0, 0.03%, 0, 4, 5, 3969.06
1587596441, 859, 29, 30, 0, 0, 0.03%, 0, 4, 5, 3832.30
1587596446, 864, 3, 30, 0, 0, 0.03%, 0, 4, 5, 3862.68
1587596451, 868, 25, 30, 0, 0, 0.03%, 0, 4, 5, 3914.82
1587596456, 872, 17, 30, 0, 0, 0.03%, 0, 4, 5, 3755.91
1587596461, 876, 25, 30, 0, 0, 0.03%, 0, 4, 5, 3879.08
1587596466, 881, 19, 30, 0, 0, 0.03%, 0, 4, 5, 3865.53
1587596471, 885, 22, 30, 0, 0, 0.03%, 0, 4, 5, 3810.31
1587596476, 889, 7, 30, 0, 0, 0.03%, 0, 4, 5, 3910.15
1587596481, 894, 25, 30, 0, 0, 0.03%, 0, 4, 5, 3799.20
1587596486, 898, 17, 30, 0, 0, 0.03%, 0, 4, 5, 3830.19
1587596491, 900, 28, 30, 0, 0, 0.03%, 0, 4, 5, 3602.60
1587596496, 905, 25, 30, 0, 0, 0.03%, 0, 4, 5, 3820.32
1587596501, 910, 25, 30, 0, 0, 0.03%, 0, 4, 5, 3820.20
1587596507, 915, 25, 30, 0, 0, 0.03%, 0, 4, 5, 3890.76
1587596512, 921, 17, 30, 0, 0, 0.03%, 0, 4, 5, 3914.17
1587596517, 926, 25, 30, 0, 0, 0.03%, 0, 4, 5, 3711.81
1587596522, 931, 17, 30, 0, 0, 0.03%, 0, 4, 5, 3797.28
1587596527, 935, 25, 30, 0, 0, 0.03%, 0, 4, 5, 3764.04
1587596532, 938, 25, 30, 0, 0, 0.03%, 0, 4, 5, 486.06
1587596537, 940, 8, 30, 0, 0, 0.03%, 0, 4, 5, 889.94
1587596543, 942, 25, 30, 0, 0, 0.03%, 0, 4, 5, 2990.58
1587596548, 945, 25, 30, 0, 0, 0.03%, 0, 4, 5, 3426.97
1587596553, 950, 17, 30, 0, 0, 0.03%, 0, 4, 5, 3720.78
1587596558, 955, 17, 30, 0, 0, 0.03%, 0, 4, 5, 3769.22
1587596563, 959, 25, 30, 0, 0, 0.03%, 0, 4, 5, 3668.51
1587596568, 963, 25, 30, 0, 0, 0.03%, 0, 4, 5, 3809.89
1587596573, 968, 25, 30, 0, 0, 0.03%, 0, 4, 5, 3742.39
1587596578, 974, 17, 30, 0, 0, 0.03%, 0, 4, 5, 3810.96
1587596583, 979, 17, 30, 0, 0, 0.03%, 0, 4, 5, 3936.50
1587596588, 983, 18, 30, 0, 0, 0.03%, 0, 4, 5, 3792.53
1587596593, 987, 16, 30, 0, 0, 0.03%, 0, 4, 5, 3723.09
1587596598, 991, 25, 30, 0, 0, 0.03%, 0, 4, 5, 3709.66
1587596603, 995, 17, 30, 0, 0, 0.03%, 0, 4, 5, 3723.64
1587596608, 998, 25, 30, 0, 0, 0.03%, 0, 4, 5, 3787.73
1587596613, 1003, 22, 30, 0, 0, 0.03%, 0, 4, 5, 3824.44
1587596618, 1007, 24, 30, 0, 0, 0.03%, 0, 4, 5, 3784.27
1587596623, 1012, 5, 30, 0, 0, 0.03%, 0, 4, 5, 3712.66
1587596628, 1015, 18, 30, 0, 0, 0.03%, 0, 4, 5, 3616.57
1587596633, 1018, 25, 30, 0, 0, 0.03%, 0, 4, 5, 3838.72
1587596639, 1022, 23, 30, 0, 0, 0.03%, 0, 4, 5, 3688.31
1587596644, 1026, 24, 30, 0, 0, 0.03%, 0, 4, 5, 3890.40
1587596649, 1031, 17, 30, 0, 0, 0.03%, 0, 4, 5, 3787.37
1587596654, 1034, 27, 30, 0, 0, 0.03%, 0, 4, 5, 3770.18
1587596659, 1039, 25, 30, 0, 0, 0.03%, 0, 4, 5, 3826.23
1587596664, 1044, 25, 30, 0, 0, 0.03%, 0, 4, 5, 3695.51
1587596669, 1048, 13, 30, 0, 0, 0.03%, 0, 4, 5, 3558.24
1587596674, 1051, 28, 30, 0, 0, 0.03%, 0, 4, 5, 3676.16
1587596679, 1056, 20, 30, 0, 0, 0.03%, 0, 4, 5, 3813.19
1587596684, 1060, 8, 30, 0, 0, 0.03%, 0, 4, 5, 3738.83
1587596689, 1064, 6, 30, 0, 0, 0.03%, 0, 4, 5, 3893.97
1587596694, 1067, 25, 30, 0, 0, 0.03%, 0, 4, 5, 3982.54
1587596700, 1072, 25, 30, 0, 0, 0.03%, 0, 4, 5, 3838.94
1587596705, 1076, 25, 30, 0, 0, 0.03%, 0, 4, 5, 3698.46
1587596710, 1080, 25, 30, 0, 0, 0.03%, 0, 4, 5, 3718.66
1587596715, 1084, 17, 30, 0, 0, 0.03%, 0, 4, 5, 3942.76
1587596720, 1089, 17, 30, 0, 0, 0.03%, 0, 4, 5, 3937.95
1587596725, 1093, 19, 30, 0, 0, 0.03%, 0, 4, 5, 3946.79
1587596730, 1097, 20, 30, 0, 0, 0.03%, 0, 4, 5, 3875.39
1587596735, 1101, 17, 30, 0, 0, 0.03%, 0, 4, 5, 3736.85
1587596740, 1104, 25, 30, 0, 0, 0.03%, 0, 4, 5, 3799.96
1587596745, 1109, 25, 30, 0, 0, 0.03%, 0, 4, 5, 3874.92
1587596750, 1113, 26, 30, 0, 0, 0.03%, 0, 4, 5, 3926.71
1587596755, 1117, 25, 30, 0, 0, 0.03%, 0, 4, 5, 3972.18
1587596761, 1123, 9, 30, 0, 0, 0.03%, 0, 4, 5, 4120.59
1587596766, 1126, 25, 30, 0, 0, 0.03%, 0, 4, 5, 3871.31
1587596771, 1132, 17, 30, 0, 0, 0.03%, 0, 4, 5, 3881.39
1587596776, 1136, 22, 30, 0, 0, 0.03%, 0, 4, 5, 3970.95
1587596781, 1141, 17, 30, 0, 0, 0.03%, 0, 4, 5, 3953.01
1587596786, 1146, 5, 30, 0, 0, 0.03%, 0, 4, 5, 3899.83
1587596791, 1149, 17, 30, 0, 0, 0.03%, 0, 4, 5, 3887.89
1587596796, 1155, 7, 30, 0, 0, 0.03%, 0, 4, 5, 4014.07
1587596801, 1158, 17, 30, 0, 0, 0.03%, 0, 4, 5, 4049.61
1587596806, 1163, 17, 30, 0, 0, 0.03%, 0, 4, 5, 3958.84
1587596811, 1168, 22, 30, 0, 0, 0.03%, 0, 4, 5, 3740.45
1587596816, 1172, 25, 30, 0, 0, 0.03%, 0, 4, 5, 3862.71
1587596821, 1177, 7, 30, 0, 0, 0.03%, 0, 4, 5, 3856.37
1587596827, 1181, 17, 30, 0, 0, 0.03%, 0, 4, 5, 3942.14
1587596832, 1185, 17, 30, 0, 0, 0.03%, 0, 4, 5, 3727.54
1587596837, 1189, 25, 30, 0, 0, 0.03%, 0, 4, 5, 3788.73
1587596842, 1194, 21, 30, 0, 0, 0.03%, 0, 4, 5, 3920.78
1587596847, 1197, 25, 30, 0, 0, 0.03%, 0, 4, 5, 3961.89
1587596852, 1201, 17, 30, 0, 0, 0.03%, 0, 4, 5, 3812.74
1587596857, 1205, 17, 30, 0, 0, 0.03%, 0, 4, 5, 3758.90
1587596862, 1209, 29, 30, 0, 0, 0.03%, 0, 4, 5, 3946.29
1587596867, 1215, 25, 30, 0, 0, 0.03%, 0, 4, 5, 3923.57
1587596872, 1220, 17, 30, 0, 0, 0.03%, 0, 4, 5, 3910.73
1587596877, 1223, 17, 30, 0, 0, 0.03%, 0, 4, 5, 3877.13
1587596882, 1229, 17, 30, 0, 0, 0.03%, 0, 4, 5, 3883.88
1587596887, 1233, 17, 30, 0, 0, 0.03%, 0, 4, 5, 3930.70
1587596892, 1238, 8, 30, 0, 0, 0.03%, 0, 4, 5, 4003.62
1587596898, 1242, 25, 30, 0, 0, 0.03%, 0, 4, 5, 3973.77
1587596903, 1245, 17, 30, 0, 0, 0.03%, 0, 4, 5, 3945.45
1587596908, 1251, 25, 30, 0, 0, 0.03%, 0, 4, 5, 4047.89
1587596913, 1253, 29, 30, 0, 0, 0.03%, 0, 4, 5, 3944.86
1587596918, 1258, 26, 30, 0, 0, 0.03%, 0, 4, 5, 3829.56
1587596923, 1264, 10, 30, 0, 0, 0.03%, 0, 4, 5, 3931.12
1587596928, 1268, 29, 30, 0, 0, 0.03%, 0, 4, 5, 3893.41
1587596933, 1273, 15, 30, 0, 0, 0.03%, 0, 4, 5, 3924.74
1587596938, 1276, 18, 30, 0, 0, 0.03%, 0, 4, 5, 3844.00
1587596943, 1280, 25, 30, 0, 0, 0.03%, 0, 4, 5, 3938.86
1587596948, 1284, 8, 30, 0, 0, 0.03%, 0, 4, 5, 3790.34
1587596953, 1289, 10, 30, 0, 0, 0.03%, 0, 4, 5, 3891.05
1587596959, 1293, 17, 30, 0, 0, 0.03%, 0, 4, 5, 3784.17
1587596964, 1297, 17, 30, 0, 0, 0.03%, 0, 4, 5, 3908.68
1587596969, 1301, 25, 30, 0, 0, 0.03%, 0, 4, 5, 3954.49
1587596974, 1305, 17, 30, 0, 0, 0.03%, 0, 4, 5, 3875.87
1587596979, 1310, 17, 30, 0, 0, 0.03%, 0, 4, 5, 3835.84
1587596984, 1314, 25, 30, 0, 0, 0.03%, 0, 4, 5, 3854.35
1587596989, 1319, 17, 30, 0, 0, 0.03%, 0, 4, 5, 3825.44
1587596994, 1324, 10, 30, 0, 0, 0.03%, 0, 4, 5, 3929.09
1587597000, 1328, 25, 30, 0, 0, 0.03%, 0, 4, 5, 3923.50
1587597005, 1333, 17, 30, 0, 0, 0.03%, 0, 4, 5, 3971.41
1587597010, 1337, 25, 30, 0, 0, 0.03%, 0, 4, 5, 3984.57
1587597015, 1343, 25, 30, 0, 0, 0.03%, 0, 4, 5, 4123.63
1587597020, 1349, 2, 30, 0, 0, 0.03%, 0, 4, 5, 3855.25
1587597025, 1354, 17, 30, 0, 0, 0.03%, 0, 4, 5, 3991.55
1587597030, 1359, 25, 30, 0, 0, 0.03%, 0, 4, 5, 4005.70
1587597035, 1364, 25, 30, 0, 0, 0.03%, 0, 4, 5, 4048.32
1587597040, 1368, 18, 30, 0, 0, 0.03%, 0, 4, 5, 3879.58
1587597045, 1371, 25, 30, 0, 0, 0.03%, 0, 4, 5, 3837.47
1587597050, 1375, 25, 30, 0, 0, 0.03%, 0, 4, 5, 3831.11
1587597055, 1379, 25, 30, 0, 0, 0.03%, 0, 4, 5, 3824.42
1587597061, 1383, 18, 30, 0, 0, 0.03%, 0, 4, 5, 3816.55
1587597066, 1387, 29, 30, 0, 0, 0.03%, 0, 4, 5, 3979.33
1587597071, 1390, 18, 30, 0, 0, 0.03%, 0, 4, 5, 3907.24
1587597076, 1394, 25, 30, 0, 0, 0.03%, 0, 4, 5, 3820.79
1587597081, 1399, 20, 30, 0, 0, 0.03%, 0, 4, 5, 3861.57
1587597086, 1403, 25, 30, 0, 0, 0.03%, 0, 4, 5, 3933.75
1587597091, 1407, 12, 30, 0, 0, 0.03%, 0, 4, 5, 3914.20
1587597096, 1410, 20, 30, 0, 0, 0.03%, 0, 4, 5, 3846.45
1587597101, 1413, 25, 30, 0, 0, 0.03%, 0, 4, 5, 3923.43
1587597106, 1418, 25, 30, 0, 0, 0.03%, 0, 4, 5, 3822.41
1587597112, 1423, 17, 30, 0, 0, 0.03%, 0, 4, 5, 3676.42
1587597117, 1427, 10, 30, 0, 0, 0.03%, 0, 4, 5, 3933.95
1587597122, 1430, 25, 30, 0, 0, 0.03%, 0, 4, 5, 3963.66
1587597127, 1435, 25, 30, 0, 0, 0.03%, 0, 4, 5, 3979.43
1587597132, 1439, 18, 30, 0, 0, 0.03%, 0, 4, 5, 3957.28
1587597137, 1444, 17, 30, 0, 0, 0.03%, 0, 4, 5, 4006.58
1587597142, 1448, 25, 30, 0, 0, 0.03%, 0, 4, 5, 3788.97
1587597147, 1453, 20, 30, 0, 0, 0.03%, 0, 4, 5, 3964.74
1587597152, 1458, 17, 30, 0, 0, 0.03%, 0, 4, 5, 4052.79
1587597157, 1462, 18, 30, 0, 0, 0.03%, 0, 4, 5, 3894.87
1587597162, 1467, 17, 30, 0, 0, 0.03%, 0, 4, 5, 3974.44
1587597168, 1470, 27, 30, 0, 0, 0.03%, 0, 4, 5, 3936.82
1587597173, 1475, 7, 30, 0, 0, 0.03%, 0, 4, 5, 3862.12
1587597178, 1479, 25, 30, 0, 0, 0.03%, 0, 4, 5, 3882.80
1587597183, 1484, 25, 30, 0, 0, 0.03%, 0, 4, 5, 3809.23
1587597188, 1489, 17, 30, 0, 0, 0.03%, 0, 4, 5, 3843.50
1587597193, 1494, 17, 30, 0, 0, 0.03%, 0, 4, 5, 3869.11
1587597198, 1498, 10, 30, 0, 0, 0.03%, 0, 4, 5, 3968.37
1587597203, 1502, 25, 30, 0, 0, 0.03%, 0, 4, 5, 3990.62
1587597208, 1506, 25, 30, 0, 0, 0.03%, 0, 4, 5, 4001.49
1587597213, 1513, 17, 30, 0, 0, 0.03%, 0, 4, 5, 3936.08
1587597218, 1518, 25, 30, 0, 0, 0.03%, 0, 4, 5, 3919.89
1587597224, 1524, 17, 30, 0, 0, 0.03%, 0, 4, 5, 3911.56
1587597229, 1528, 7, 30, 0, 0, 0.03%, 0, 4, 5, 3909.56
1587597234, 1531, 25, 30, 0, 0, 0.03%, 0, 4, 5, 3800.30
1587597239, 1536, 21, 30, 0, 0, 0.03%, 0, 4, 5, 3708.16
1587597244, 1540, 0, 30, 0, 0, 0.03%, 0, 4, 5, 3780.77
1587597249, 1545, 16, 30, 0, 0, 0.03%, 0, 4, 5, 3907.34
1587597254, 1548, 25, 30, 0, 0, 0.03%, 0, 4, 5, 3838.71
1587597259, 1553, 15, 30, 0, 0, 0.03%, 0, 4, 5, 3893.34
1587597264, 1556, 28, 30, 0, 0, 0.03%, 0, 4, 5, 3844.40
1587597269, 1559, 17, 30, 0, 0, 0.03%, 0, 4, 5, 4008.53
1587597274, 1564, 17, 30, 0, 0, 0.03%, 0, 4, 5, 3995.29
1587597279, 1568, 29, 30, 0, 0, 0.03%, 0, 4, 5, 3819.58
1587597284, 1573, 17, 30, 0, 0, 0.03%, 0, 4, 5, 3939.36
1587597290, 1577, 21, 30, 0, 0, 0.03%, 0, 4, 5, 3843.54
1587597295, 1582, 17, 30, 0, 0, 0.03%, 0, 4, 5, 3954.13
1587597300, 1584, 25, 30, 0, 0, 0.03%, 0, 4, 5, 3709.77
1587597305, 1589, 17, 30, 0, 0, 0.03%, 0, 4, 5, 3714.19
1587597310, 1593, 25, 30, 0, 0, 0.03%, 0, 4, 5, 3955.06
1587597315, 1598, 17, 30, 0, 0, 0.03%, 0, 4, 5, 3818.01
1587597320, 1602, 18, 30, 0, 0, 0.03%, 0, 4, 5, 3700.55
1587597325, 1606, 17, 30, 0, 0, 0.03%, 0, 4, 5, 3786.63
1587597330, 1610, 25, 30, 0, 0, 0.03%, 0, 4, 5, 3818.09
1587597335, 1615, 19, 30, 0, 0, 0.03%, 0, 4, 5, 3884.39
1587597340, 1620, 20, 30, 0, 0, 0.03%, 0, 4, 5, 3951.25
1587597345, 1625, 11, 30, 0, 0, 0.03%, 0, 4, 5, 3835.45
1587597351, 1628, 14, 30, 0, 0, 0.03%, 0, 4, 5, 3962.25
1587597356, 1633, 25, 30, 0, 0, 0.03%, 0, 4, 5, 3887.65
1587597361, 1638, 21, 30, 0, 0, 0.03%, 0, 4, 5, 3866.43
1587597366, 1644, 25, 30, 0, 0, 0.03%, 0, 4, 5, 4065.09
1587597371, 1650, 25, 30, 0, 0, 0.03%, 0, 4, 5, 4004.17
1587597376, 1655, 15, 30, 0, 0, 0.03%, 0, 4, 5, 3990.73
1587597381, 1658, 11, 30, 0, 0, 0.03%, 0, 4, 5, 3851.10
1587597386, 1661, 25, 30, 0, 0, 0.03%, 0, 4, 5, 3817.96
1587597391, 1665, 25, 30, 0, 0, 0.03%, 0, 4, 5, 3779.28
1587597396, 1671, 17, 30, 0, 0, 0.03%, 0, 4, 5, 3920.82
1587597402, 1675, 25, 30, 0, 0, 0.03%, 0, 4, 5, 3848.39
1587597407, 1681, 17, 30, 0, 0, 0.03%, 0, 4, 5, 3873.73
1587597412, 1684, 28, 30, 0, 0, 0.03%, 0, 4, 5, 3903.21
1587597417, 1689, 25, 30, 0, 0, 0.03%, 0, 4, 5, 3989.27
1587597422, 1693, 27, 30, 0, 0, 0.03%, 0, 4, 5, 3927.16
1587597427, 1699, 17, 30, 0, 0, 0.03%, 0, 4, 5, 3978.08
1587597432, 1705, 5, 30, 0, 0, 0.03%, 0, 4, 5, 3883.99
1587597437, 1707, 25, 30, 0, 0, 0.03%, 0, 4, 5, 3778.75
1587597442, 1711, 25, 30, 0, 0, 0.03%, 0, 4, 5, 3913.93
1587597447, 1716, 25, 30, 0, 0, 0.03%, 0, 4, 5, 3899.44
1587597452, 1721, 17, 30, 0, 0, 0.03%, 0, 4, 5, 3691.62
1587597457, 1725, 17, 30, 0, 0, 0.03%, 0, 4, 5, 3727.86
1587597462, 1730, 14, 30, 0, 0, 0.03%, 0, 4, 5, 3753.01
1587597467, 1734, 25, 30, 0, 0, 0.03%, 0, 4, 5, 3792.28
1587597473, 1740, 25, 30, 0, 0, 0.03%, 0, 4, 5, 3850.26
1587597478, 1745, 25, 30, 0, 0, 0.03%, 0, 4, 5, 3938.40
1587597483, 1751, 17, 30, 0, 0, 0.03%, 0, 4, 5, 4044.90
1587597488, 1755, 23, 30, 0, 0, 0.03%, 0, 4, 5, 3893.16
1587597493, 1760, 24, 30, 0, 0, 0.03%, 0, 4, 5, 3894.06
1587597498, 1765, 12, 30, 0, 0, 0.03%, 0, 4, 5, 3919.93
1587597503, 1769, 25, 30, 0, 0, 0.03%, 0, 4, 5, 3780.26
1587597508, 1774, 25, 30, 0, 0, 0.03%, 0, 4, 5, 4012.58
1587597513, 1779, 17, 30, 0, 0, 0.03%, 0, 4, 5, 3966.11
1587597518, 1783, 17, 30, 0, 0, 0.03%, 0, 4, 5, 3809.73
1587597523, 1787, 17, 30, 0, 0, 0.03%, 0, 4, 5, 3863.61
1587597529, 1790, 29, 30, 0, 0, 0.03%, 0, 4, 5, 4024.20
1587597534, 1794, 17, 30, 0, 0, 0.03%, 0, 4, 5, 3791.96
1587597539, 1798, 17, 30, 0, 0, 0.03%, 0, 4, 5, 3611.82
1587597544, 1801, 25, 30, 0, 0, 0.03%, 0, 4, 5, 3446.99
1587597549, 1806, 25, 30, 0, 0, 0.03%, 0, 4, 5, 3782.96
1587597554, 1811, 13, 30, 0, 0, 0.03%, 0, 4, 5, 3630.05
1587597559, 1815, 25, 30, 0, 0, 0.03%, 0, 4, 5, 3806.68
1587597564, 1818, 25, 30, 0, 0, 0.03%, 0, 4, 5, 3814.87
1587597569, 1822, 28, 30, 0, 0, 0.03%, 0, 4, 5, 3717.26
1587597574, 1826, 17, 30, 0, 0, 0.03%, 0, 4, 5, 3520.99
1587597580, 1830, 17, 30, 0, 0, 0.03%, 0, 4, 5, 3763.22
1587597585, 1833, 25, 30, 0, 0, 0.03%, 0, 4, 5, 3756.76
1587597590, 1838, 17, 30, 0, 0, 0.03%, 0, 4, 5, 3599.56
1587597595, 1842, 19, 30, 0, 0, 0.03%, 0, 4, 5, 3785.90
1587597600, 1847, 17, 30, 0, 0, 0.03%, 0, 4, 5, 3627.34
1587597605, 1852, 25, 30, 0, 0, 0.03%, 0, 4, 5, 3711.93
1587597610, 1856, 17, 30, 0, 0, 0.03%, 0, 4, 5, 3793.52
1587597615, 1862, 25, 30, 0, 0, 0.03%, 0, 4, 5, 3843.62
1587597620, 1866, 25, 30, 0, 0, 0.03%, 0, 4, 5, 3864.43
1587597625, 1872, 14, 30, 0, 0, 0.03%, 0, 4, 5, 3837.18
1587597630, 1876, 17, 30, 0, 0, 0.03%, 0, 4, 5, 3836.42
1587597635, 1880, 25, 30, 0, 0, 0.03%, 0, 4, 5, 3886.82
1587597640, 1884, 17, 30, 0, 0, 0.03%, 0, 4, 5, 3864.65
1587597645, 1887, 24, 30, 0, 0, 0.03%, 0, 4, 5, 3512.70
1587597650, 1890, 25, 30, 0, 0, 0.03%, 0, 4, 5, 3565.40
1587597655, 1894, 25, 30, 0, 0, 0.03%, 0, 4, 5, 3759.34
1587597660, 1898, 25, 30, 0, 0, 0.03%, 0, 4, 5, 3772.61
1587597665, 1903, 25, 30, 0, 0, 0.03%, 0, 4, 5, 3752.69
1587597670, 1907, 18, 30, 0, 0, 0.03%, 0, 4, 5, 3657.89
1587597675, 1910, 17, 30, 0, 0, 0.03%, 0, 4, 5, 3708.42
1587597680, 1914, 25, 30, 0, 0, 0.03%, 0, 4, 5, 3697.68
1587597686, 1918, 25, 30, 0, 0, 0.03%, 0, 4, 5, 3722.97
1587597691, 1924, 22, 30, 0, 0, 0.03%, 0, 4, 5, 3875.03
1587597696, 1929, 9, 30, 0, 0, 0.03%, 0, 4, 5, 3721.02
1587597701, 1933, 9, 30, 0, 0, 0.03%, 0, 4, 5, 3677.20
1587597706, 1938, 25, 30, 0, 0, 0.03%, 0, 4, 5, 3867.29
1587597711, 1942, 25, 30, 0, 0, 0.03%, 0, 4, 5, 3955.91
1587597716, 1946, 25, 30, 0, 0, 0.03%, 0, 4, 5, 3726.24
1587597721, 1950, 17, 30, 0, 0, 0.03%, 0, 4, 5, 3850.18
1587597726, 1953, 25, 30, 0, 0, 0.03%, 0, 4, 5, 3650.03
1587597731, 1957, 17, 30, 0, 0, 0.03%, 0, 4, 5, 3723.85
1587597736, 1963, 17, 30, 0, 0, 0.03%, 0, 4, 5, 3843.81
1587597741, 1968, 17, 30, 0, 0, 0.03%, 0, 4, 5, 3808.73
1587597746, 1971, 25, 30, 0, 0, 0.03%, 0, 4, 5, 3951.61
1587597751, 1976, 25, 30, 0, 0, 0.03%, 0, 4, 5, 3907.46
1587597756, 1980, 22, 30, 0, 0, 0.03%, 0, 4, 5, 3882.69
1587597762, 1983, 25, 30, 0, 0, 0.03%, 0, 4, 5, 3778.83
1587597767, 1987, 1, 30, 0, 0, 0.03%, 0, 4, 5, 3635.98
1587597772, 1992, 2, 30, 0, 0, 0.03%, 0, 4, 5, 3839.51
1587597777, 1996, 17, 30, 0, 0, 0.03%, 0, 4, 5, 3777.68
1587597782, 2000, 25, 30, 0, 0, 0.03%, 0, 4, 5, 3682.08
1587597787, 2004, 25, 30, 0, 0, 0.03%, 0, 4, 5, 3694.56
1587597792, 2009, 17, 30, 0, 0, 0.03%, 0, 4, 5, 3606.24
1587597797, 2013, 25, 30, 0, 0, 0.03%, 0, 4, 5, 3874.84
1587597802, 2018, 15, 30, 0, 0, 0.03%, 0, 4, 5, 3807.82
1587597807, 2022, 5, 30, 0, 0, 0.03%, 0, 4, 5, 3664.23
1587597812, 2027, 24, 30, 0, 0, 0.03%, 0, 4, 5, 3790.87
1587597817, 2031, 17, 30, 0, 0, 0.03%, 0, 4, 5, 3852.77
1587597822, 2035, 25, 30, 0, 0, 0.03%, 0, 4, 5, 3908.81
1587597827, 2040, 27, 30, 0, 0, 0.03%, 0, 4, 5, 3749.15
1587597832, 2045, 13, 30, 0, 0, 0.03%, 0, 4, 5, 3755.56
1587597837, 2050, 8, 30, 0, 0, 0.03%, 0, 4, 5, 3710.89
1587597842, 2054, 17, 30, 0, 0, 0.03%, 0, 4, 5, 3740.88
1587597847, 2057, 25, 30, 0, 0, 0.03%, 0, 4, 5, 3682.00
1587597852, 2062, 17, 30, 0, 0, 0.03%, 0, 4, 5, 613.26
1587597858, 2067, 17, 30, 0, 0, 0.03%, 0, 4, 5, 3662.25
1587597863, 2071, 17, 30, 0, 0, 0.03%, 0, 4, 5, 2933.87
